test99.jpg 2 0.9879331 89.08037 202.9985 365.76678 429.3662
test98.jpg 3 0.99981934 519.8837 236.05956 723.82697 297.36426
test97.jpg 0 0.9997274 100.452065 500.1093 740.5537 969.7334
test96.jpg 2 0.99953365 432.2866 827.19995 731.1154 966.51166
test95.jpg 3 0.998716 647.868 576.9574 956.17523 681.2776
test95.jpg 0 0.74824965 661.7465 753.8957 1055.773 1042.0758
test94.jpg 0 0.9958717 116.323494 262.80756 339.26007 396.19156
test94.jpg 0 0.998716 1.4475312 256.62518 165.52948 338.4351
test94.jpg 0 0.64171535 0.5062294 192.93396 31.55662 218.93745
test93.jpg 3 0.9998405 27.049232 624.08405 954.84485 1215.2107
test92.jpg 3 0.9997886 55.121952 126.70112 255.09317 353.53497
test92.jpg 1 0.74650276 190.56195 0.59298205 289.78726 16.148275
test91.jpg 1 0.9989944 33.573 141.14885 324.8352 224.40239
test90.jpg 0 0.999314 48.978783 165.15968 509.88666 579.95844
test9.jpg 0 0.99955434 660.67035 110.78287 1080.0 368.5628
test9.jpg 3 0.999453 79.10447 570.61255 740.6913 1235.7297
test89.jpg 2 0.9982425 151.51744 637.2438 934.45514 1394.8065
test88.jpg 1 0.9997545 372.96875 247.37573 640.7638 436.82898
test87.jpg 3 0.9948219 64.87598 228.9768 279.3607 404.6589
test87.jpg 0 0.9809374 221.86157 37.87077 335.8282 84.95686
test86.jpg 0 0.9959687 3.9557786 442.7891 950.33704 965.919
test85.jpg 3 0.9995184 141.05597 329.27313 370.13953 437.07245
test84.jpg 3 0.9900025 0.0 15.151246 3585.1775 2565.324
test84.jpg 3 0.7788451 1150.1553 181.25708 4299.5996 2287.948
test84.jpg 2 0.7253188 1748.7607 219.05972 4253.0146 2348.7822
test83.jpg 0 0.99995625 198.0767 403.36496 987.78656 1044.2434
test83.jpg 0 0.9963367 0.0 463.99924 203.98315 1095.9989
test83.jpg 3 0.78621376 132.05017 910.2936 1080.0 1469.0
test82.jpg 3 0.9994061 291.19412 441.34094 841.85297 819.9584
test81.jpg 3 0.9996172 271.0549 263.6748 766.7771 511.653
test80.jpg 2 0.998746 3.26158 415.874 869.0663 1417.8789
test80.jpg 3 0.67894405 5.0097246 378.0179 865.47314 1419.0242
test8.jpg 3 0.9991497 121.27529 41.2656 1335.6732 966.1099
test79.jpg 2 0.9948553 89.70855 386.92197 980.9747 1403.5305
test78.jpg 0 0.99835086 100.65462 218.03831 311.0369 385.15823
test77.jpg 2 0.99952936 112.04071 226.76714 253.27036 309.24246
test77.jpg 3 0.9992594 27.748196 191.59476 137.14009 242.35188
test77.jpg 0 0.5350728 0.59286726 173.49803 19.100483 191.59479
test76.jpg 1 0.9999472 337.9819 630.48846 755.558 879.0393
test75.jpg 2 0.999967 16.247997 657.19727 977.99524 1093.6881
test75.jpg 3 0.999245 21.389557 591.68915 1064.2097 1065.8561
test75.jpg 0 0.999234 313.1202 352.2414 686.4302 536.81146
test74.jpg 0 0.999453 297.0468 544.83636 1038.0092 829.63306
test73.jpg 0 0.9996598 122.96524 189.02982 282.52246 274.6773
test72.jpg 1 0.99994624 2435.0483 1838.715 3440.4805 2842.2126
test72.jpg 1 0.9866659 1266.7456 1760.9032 2460.1765 3120.2014
test71.jpg 1 0.9998318 400.33704 497.26382 655.40186 622.69275
test70.jpg 0 0.9999081 106.32008 365.87854 1028.3777 890.76465
test7.jpg 3 0.999726 83.54497 353.99234 951.135 1031.2078
test7.jpg 3 0.72709155 1.132924 636.6618 695.2047 1038.0999
test69.jpg 0 0.999705 81.92312 649.5941 372.54813 741.8248
test69.jpg 0 0.99862754 279.8797 982.12317 775.1221 1248.1746
test69.jpg 2 0.99548954 145.8722 751.82605 561.861 922.8037
test68.jpg 0 0.9953223 29.64314 346.0248 706.97125 1026.4491
test68.jpg 0 0.9910637 559.0024 324.73706 1080.0 923.0016
test67.jpg 0 0.99983454 30.74184 100.20784 270.03778 206.82251
test66.jpg 0 0.99977 83.11794 441.54678 766.20905 848.04865
test65.jpg 0 0.999742 48.205513 115.15797 288.15753 206.99597
test65.jpg 1 0.6520508 0.0 177.14142 299.7456 400.0
test64.jpg 0 0.98489755 294.43417 464.70758 789.5933 854.9397
test63.jpg 3 0.9996356 12.950036 626.9456 614.67 1114.2355
test63.jpg 0 0.99958783 70.72636 289.92206 479.32224 507.9978
test62.jpg 3 0.9998634 25.677578 173.28772 284.15314 382.5555
test61.jpg 2 0.9987954 109.85185 914.7895 799.6249 1295.1816
test60.jpg 0 0.99982685 189.50822 300.09805 892.41675 667.82623
test6.jpg 2 0.99980825 83.84425 231.37871 267.31824 350.35275
test59.jpg 2 0.99989474 192.47234 184.19193 404.22183 357.16705
test59.jpg 0 0.9992385 282.16275 42.618813 394.98102 100.08017
test58.jpg 0 0.9996264 121.012566 162.05904 292.15787 271.2261
test58.jpg 0 0.99898106 68.71326 51.64099 187.60153 96.733665
test58.jpg 0 0.848725 29.321001 0.08414183 140.61488 6.2773495
test58.jpg 0 0.53154445 27.735876 0.55403197 144.60452 11.545384
test57.jpg 1 0.9998909 70.50789 126.96259 458.26404 391.72305
test56.jpg 0 0.9998802 221.95253 287.42715 317.22754 355.02908
test55.jpg 0 0.9987478 49.35546 180.80136 934.92114 899.909
test54.jpg 3 0.99935895 596.75934 735.7192 888.85175 878.2076
test54.jpg 0 0.99911124 425.66095 1034.4955 972.6648 1441.7913
test53.jpg 3 0.9999052 171.12181 628.0587 1017.2849 1201.6136
test52.jpg 0 0.9994974 6.6572204 409.55154 955.851 1152.7444
test51.jpg 1 0.9999882 169.60037 110.76518 441.54623 327.2883
test50.jpg 2 0.9998472 76.46323 258.6768 236.94247 370.8532
test5.jpg 4 0.99968696 250.92943 389.72 852.5834 669.17236
test49.jpg 3 0.9997701 117.38738 306.75568 996.58966 1120.9769
test48.jpg 3 0.9998683 129.18896 394.9277 700.0741 869.3823
test47.jpg 3 0.99875605 71.23331 605.80164 746.78516 734.6806
test46.jpg 0 0.99937314 55.890594 246.662 215.2028 295.4225
test46.jpg 3 0.9984849 47.0252 221.49815 150.55203 250.27219
test45.jpg 2 0.9997873 196.24284 171.9578 450.56857 373.3758
test44.jpg 3 0.99982953 391.5158 1161.7029 859.18646 1335.3699
test43.jpg 3 0.99972326 204.08444 151.0411 564.09143 395.73495
test42.jpg 2 0.9981173 97.68643 1057.5775 588.75183 1411.7104
test41.jpg 3 0.99975044 205.55531 1260.2426 715.2246 1644.9608
test40.jpg 2 0.9937755 204.78473 835.17645 3150.877 2518.3325
test4.jpg 0 0.9998349 210.90634 402.9227 871.75146 793.97974
test4.jpg 0 0.9994098 165.43707 179.44891 400.77557 241.80446
test4.jpg 0 0.999453 230.01474 57.991295 398.65634 91.952576
test39.jpg 0 0.9997625 218.5738 452.73907 894.23413 1114.7079
test38.jpg 3 0.999587 7.2981906 365.85742 1063.1908 1020.07745
test37.jpg 3 0.9998528 2.7955723 531.42224 1080.0 1314.7758
test36.jpg 0 0.9999225 71.20718 226.87514 219.9972 327.3631
test36.jpg 0 0.99601656 194.25958 143.27054 280.61148 183.72197
test36.jpg 0 0.9930882 5.6913533 103.80654 90.41633 131.37886
test35.jpg 2 0.9998479 119.38541 141.70654 350.5287 336.2968
test349.jpg 0 0.99969363 241.39017 429.8649 470.99585 553.5498
test348.jpg 3 0.99824595 153.25055 107.32305 860.5079 738.05835
test347.jpg 2 0.9991611 423.0337 355.15308 593.9258 498.04327
test347.jpg 0 0.99744785 143.61446 335.10083 321.4086 443.58572
test347.jpg 0 0.98831344 245.5722 341.6573 461.74008 461.73328
test347.jpg 0 0.8307626 186.9903 334.43262 395.63867 453.82257
test346.jpg 3 0.9998542 209.81657 367.909 731.0 727.2065
test345.jpg 3 0.99853384 432.5504 840.4308 838.62103 1083.6604
test344.jpg 2 0.9997291 69.37003 159.15025 263.2069 321.95862
test343.jpg 2 0.9978974 240.50291 750.1738 516.1218 862.9398
test342.jpg 2 0.99965894 442.399 175.7198 796.5908 542.36993
test341.jpg 2 0.9994497 81.543945 123.80282 394.79276 354.9222
test340.jpg 0 0.999706 0.0 1167.3525 363.5746 1504.9521
test340.jpg 0 0.822746 286.13165 1065.3986 845.69946 1430.0232
test340.jpg 3 0.51255935 263.99252 1059.5782 856.98065 1441.354
test34.jpg 3 0.99568534 287.08804 950.86273 719.88916 1194.3522
test34.jpg 0 0.999245 294.02646 809.8146 745.60834 979.91504
test34.jpg 0 0.7461874 655.3663 671.8652 797.8203 776.1444
test34.jpg 0 0.7264373 2.4879737 748.6593 187.2845 818.5476
test34.jpg 3 0.53180695 289.21732 816.3101 742.92255 981.03784
test339.jpg 2 0.99959296 41.142944 156.716 297.67725 299.09644
test338.jpg 2 0.999245 21.68822 160.97041 353.9313 478.5288
test337.jpg 0 0.99880314 59.06408 219.38788 211.46225 297.39554
test336.jpg 3 0.9998216 126.001335 411.8716 905.67816 699.82745
test336.jpg 0 0.999706 295.67493 410.41974 883.82684 705.4033
test335.jpg 2 0.99951553 171.74222 818.6787 823.8999 1266.3273
test334.jpg 1 0.9999087 448.435 412.0103 619.7644 504.53598
test334.jpg 0 0.999328 426.18344 356.96213 553.3458 413.04398
test333.jpg 3 0.9917567 112.56942 217.10265 309.20105 460.42456
test332.jpg 2 0.99956065 199.31499 313.20517 976.68896 1404.4121
test331.jpg 1 0.99998236 74.674255 19.707575 247.54929 177.6677
test330.jpg 3 0.99702924 328.29764 393.46155 680.4821 570.09845
test33.jpg 2 0.9998481 67.393875 329.40997 250.72182 428.71945
test33.jpg 0 0.999706 69.168755 265.0637 199.66872 310.2478
test33.jpg 0 0.64441204 15.979927 219.82231 112.2788 245.6264
test329.jpg 3 0.99739516 328.23145 111.17955 874.95123 424.41946
test329.jpg 0 0.9937808 261.60394 436.7935 1080.0 938.5932
test329.jpg 3 0.999314 8.521998 414.5197 1049.2529 916.20605
test328.jpg 3 0.99976677 464.64743 1272.5758 2674.0789 3142.8118
test328.jpg 0 0.6760834 2222.6873 93.842445 2650.6545 318.3825
test327.jpg 0 0.9999232 69.45006 364.565 1074.041 842.1391
test326.jpg 1 0.9999124 64.13776 197.38705 234.07578 343.03455
test325.jpg 3 0.99935025 837.72266 960.7619 993.51483 1076.2231
test325.jpg 0 0.99587643 217.9209 615.2704 772.73315 969.9859
test325.jpg 0 0.9861736 76.213554 526.3102 221.1829 608.342
test324.jpg 2 0.99708647 150.95149 464.61417 924.69226 1151.2128
test323.jpg 3 0.99995935 40.228554 143.163 262.7659 309.41138
test322.jpg 1 0.99981767 561.15784 434.68555 848.23193 580.96606
test321.jpg 1 0.9997886 53.223667 252.04446 206.03717 406.76068
test321.jpg 1 0.6309877 1.4876282 294.27008 23.757202 444.49628
test320.jpg 3 0.99368876 301.4166 335.37256 795.7619 500.837
test320.jpg 0 0.9883338 451.37527 644.39984 873.9443 847.43536
test320.jpg 3 0.9852578 0.0 326.00882 306.94522 485.67093
test32.jpg 3 0.9998989 53.15751 253.09177 315.05435 450.8617
test319.jpg 3 0.9999093 451.44244 655.0524 1212.0883 1080.0
test318.jpg 2 0.999453 12.252169 289.7294 1053.7328 1625.8073
test317.jpg 4 0.99586004 51.614677 34.7969 606.00616 540.4398
test316.jpg 3 0.9991629 32.122284 77.20775 996.92633 1380.672
test315.jpg 2 0.9880426 208.79007 1186.8915 686.4724 1441.9794
test315.jpg 2 0.71187085 111.18496 507.62592 212.84712 627.1404
test314.jpg 3 0.9865623 269.27908 1422.1693 2904.8335 3084.1414
test313.jpg 4 0.99979717 429.3297 382.92133 733.2524 563.6359
test312.jpg 0 0.99964714 16.969387 512.3352 1052.5343 1224.8287
test311.jpg 0 0.9970372 140.10663 827.9244 887.00006 1503.1427
test310.jpg 0 0.9989818 114.55785 544.1026 1000.1005 1150.9307
test31.jpg 3 0.9991767 20.500586 982.68 836.69385 1523.7423
test309.jpg 0 0.99967 131.00525 233.24588 924.5587 1107.9889
test308.jpg 3 0.9979401 243.47884 1405.2922 979.0343 1736.3689
test308.jpg 3 0.9946261 448.84253 1399.4537 983.7736 1624.2212
test307.jpg 2 0.99981505 257.74646 529.30035 474.1357 612.51776
test306.jpg 2 0.99907374 26.75079 646.1036 734.135 1340.6309
test305.jpg 1 0.99989116 22.661818 71.14357 298.1424 297.15915
test304.jpg 1 0.9997867 209.45673 152.79057 553.36383 464.1336
test303.jpg 2 0.9926171 134.06018 268.49292 242.04337 422.8519
test302.jpg 0 0.9990088 97.99419 216.31468 393.5355 432.07065
test302.jpg 0 0.9971035 221.4594 59.54131 421.80777 149.13434
test301.jpg 0 0.9999281 258.5783 659.09216 519.83527 811.8715
test301.jpg 0 0.99863094 21.607304 556.8499 197.54063 616.16473
test300.jpg 0 0.99923503 0.0 873.3243 1041.9592 1527.894
test30.jpg 3 0.9999399 190.7438 612.6242 737.8967 1034.5383
test3.jpg 2 0.99990964 109.90545 136.68196 344.96262 297.71664
test299.jpg 3 0.9978818 307.4792 1440.6987 815.95844 1782.9137
test298.jpg 0 0.9862591 9.053957 163.81061 1080.0 1222.3776
test297.jpg 0 0.99995625 212.34377 455.15668 844.0969 726.36786
test297.jpg 0 0.9997719 518.1219 127.31724 981.7076 211.20969
test297.jpg 0 0.99511874 577.90594 0.032439813 760.60394 35.920696
test297.jpg 0 0.988629 29.113 951.85974 1080.0 1440.0
test297.jpg 0 0.999137 485.33688 70.76258 604.54395 97.2212
test297.jpg 0 0.5461675 7.597221 369.9755 237.52675 854.7566
test297.jpg 0 0.52322453 0.0 134.91316 321.26352 212.90683
test296.jpg 3 0.99958473 363.69357 1669.0272 1124.8219 2076.9065
test295.jpg 1 0.9999033 144.25253 242.87206 538.5171 594.07947
test294.jpg 2 0.9975514 271.56824 895.2562 2545.82 3226.175
test293.jpg 3 0.99987566 277.9969 968.305 726.76013 1254.1354
test292.jpg 0 0.99811256 452.1375 512.27625 1077.1066 808.9044
test292.jpg 3 0.99778664 447.49756 404.79974 876.2276 529.5909
test292.jpg 0 0.997986 803.5358 453.66446 1080.0 545.41846
test292.jpg 0 0.83390355 728.4107 380.12582 1026.7167 460.2207
test291.jpg 0 0.999453 260.12207 664.3733 481.64056 752.91205
test290.jpg 3 0.9999056 244.42915 273.18988 585.7586 568.14087
test290.jpg 0 0.9986683 458.82755 16.579576 658.6038 113.57958
test290.jpg 0 0.999245 184.10551 66.77454 403.41257 211.95357
test29.jpg 0 0.9997168 150.80849 431.44632 869.06415 1059.9689
test289.jpg 3 0.9996563 143.343 1001.9414 773.5763 1237.2318
test289.jpg 3 0.5319856 1002.3385 1073.9615 1080.0 1223.6674
test288.jpg 0 0.9998597 131.46754 310.5541 286.31763 403.03116
test288.jpg 0 0.994915 282.1385 465.15924 480.00003 637.57117
test287.jpg 0 0.9999224 210.8024 319.44135 818.20374 887.4208
test286.jpg 2 0.9993455 374.941 343.36975 1054.0974 873.29694
test285.jpg 0 0.9996928 297.78683 451.1748 801.58264 689.7057
test285.jpg 0 0.9939767 1.6814129 418.71622 204.78197 735.8017
test284.jpg 0 0.9996012 166.53976 468.96262 561.4807 683.2012
test284.jpg 0 0.99730957 442.64996 374.81384 624.228 441.166
test284.jpg 2 0.997986 660.77026 377.41083 748.6611 421.16245
test283.jpg 3 0.999658 410.86237 1590.4606 1000.25183 1915.4349
test283.jpg 0 0.9943921 775.09656 1225.174 1013.8536 1284.608
test282.jpg 2 0.9939458 219.47736 554.95337 901.8795 1145.7856
test281.jpg 3 0.9996891 410.40036 1092.9845 968.9889 1477.8967
test280.jpg 0 0.999453 99.11549 259.878 1019.4178 1130.076
test28.jpg 0 0.9982582 504.44968 492.99133 783.16345 622.8869
test28.jpg 0 0.9825785 208.74959 490.23795 497.84583 629.4285
test28.jpg 3 0.72175235 305.50314 622.24274 831.39655 921.78815
test279.jpg 0 0.9987 92.82 491.1408 987.91376 1013.44183
test279.jpg 0 0.68507695 810.784 143.8926 960.0053 180.73004
test278.jpg 0 0.9997718 33.53502 457.4699 378.76617 617.0425
test278.jpg 4 0.9985464 448.04013 474.31735 889.85693 751.12146
test278.jpg 0 0.999967 0.0 991.8559 624.7161 1440.0
test277.jpg 1 0.9999198 75.11753 236.41235 235.3754 367.17877
test276.jpg 2 0.99653816 256.55045 879.90924 759.79095 1137.6357
test276.jpg 3 0.67932284 614.55255 517.9608 918.4399 610.4043
test276.jpg 4 0.62153655 0.0 463.81018 242.5365 564.71326
test275.jpg 2 0.9995708 100.53741 157.89278 332.12918 341.74048
test274.jpg 3 0.9999038 326.61615 896.29193 664.7946 1093.49
test273.jpg 3 0.9957223 41.77122 41.51593 240.52162 147.03134
test272.jpg 3 0.99989724 342.49957 1031.6671 1085.3304 1336.0885
test272.jpg 0 0.99889874 756.36755 866.56146 1189.2563 1016.6813
test271.jpg 3 0.9996025 83.924095 216.8605 187.16266 390.42508
test270.jpg 0 0.9995079 148.20142 700.5129 394.083 857.3841
test270.jpg 0 0.9989906 302.18716 849.32947 691.0929 1000.0
test27.jpg 3 0.99991083 244.20648 806.503 892.57733 1422.822
test269.jpg 0 0.99955374 357.41275 566.6699 931.60394 854.9464
test268.jpg 2 0.99564916 835.84235 1588.5192 2749.4524 3242.4363
test268.jpg 1 0.8365537 1012.18536 15.522637 2426.3594 1398.2892
test267.jpg 0 0.99916506 4.6625805 197.3096 625.0875 571.42084
test266.jpg 0 0.9995517 17.406958 451.22263 1077.3042 965.08777
test265.jpg 1 0.9989723 115.26952 342.50995 359.5905 561.0342
test265.jpg 0 0.9919778 224.70715 254.19801 378.3057 344.99588
test264.jpg 0 0.9999373 169.07642 493.25735 500.48172 726.5263
test263.jpg 0 0.99981004 145.25266 220.74518 267.69934 318.7627
test262.jpg 0 0.70504963 562.8017 895.86676 1365.5105 1194.0238
test262.jpg 2 0.62490886 1506.4784 294.91522 3264.7207 1483.9037
test261.jpg 3 0.9996289 326.98187 916.1302 848.2534 1273.7222
test260.jpg 2 0.999453 0.0 133.76323 1075.8771 1370.1373
test26.jpg 3 0.9969163 332.9191 737.9842 701.2262 867.5373
test26.jpg 0 0.73492265 80.14045 713.6911 353.24734 806.70087
test259.jpg 3 0.9998783 269.8594 938.52765 666.5138 1206.4852
test258.jpg 2 0.9994548 70.652985 500.30573 939.5325 1351.4257
test257.jpg 2 0.9991677 107.1447 273.20972 230.7801 417.80588
test256.jpg 0 0.999089 48 432 231 513
test256.jpg 2 0.999588 438 386 577 448
test255.jpg 3 0.99954945 320.15637 563.9097 731.0362 786.2028
test255.jpg 0 0.999234 307.77243 746.0953 794.5716 1069.6244
test255.jpg 3 0.6434012 369.58377 448.03693 576.2427 559.68976
test255.jpg 0 0.64064413 365.06393 449.93137 578.8269 558.8057
test255.jpg 3 0.6070017 300.45898 738.33514 795.0364 1068.3894
test254.jpg 0 0.9996556 69.80244 465.52808 685.57666 764.9055
test253.jpg 3 0.9998964 199.88628 887.0565 950.5496 1434.0323
test252.jpg 3 0.999882 230.80644 473.6176 618.31116 684.2601
test251.jpg 3 0.99926955 551.7902 1584.2147 1230.9279 1881.5564
test250.jpg 3 0.9999095 289.4986 379.85904 808.271 852.2183
test25.jpg 3 0.9997795 100.32844 137.24646 367.40192 405.41946
test249.jpg 1 0.99856913 318.36746 550.7186 746.69727 868.62396
test248.jpg 0 0.9997991 287.64343 594.3994 801.3009 766.27435
test247.jpg 0 0.9997147 297.82587 568.9626 798.279 766.2898
test246.jpg 0 0.9983012 275.68185 733.3115 807.0881 884.3012
test245.jpg 3 0.9993643 130.91139 209.72958 372.39374 338.3265
test244.jpg 3 0.9998883 591.26434 907.6643 1014.90735 1175.2404
test244.jpg 0 0.99737996 1010.8992 701.3881 1279.0 779.2652
test243.jpg 0 0.99989843 258.62622 424.15985 878.85876 1052.3323
test242.jpg 1 0.9984542 19.416754 0.0 661.80676 569.35455
test241.jpg 3 0.9998029 538.5542 1287.2135 1140.4208 1627.6746
test240.jpg 2 0.9990791 391.61035 792.73944 954.7411 1384.8765
test24.jpg 3 0.9998254 122.60054 437.21594 840.18317 995.0685
test239.jpg 3 0.9984579 207.23041 837.53455 875.6394 1148.1204
test239.jpg 3 0.999234 356.76492 833.5721 872.0082 1023.2547
test238.jpg 2 0.999052 4.5980296 161.524 301.36804 367.00412
test237.jpg 3 0.99963605 228.35124 540.02893 605.3463 796.5254
test237.jpg 0 0.999706 257.2533 373.76114 511.5401 499.6011
test236.jpg 1 0.99862456 84.73265 426.87418 409.16437 602.67664
test235.jpg 3 0.9998023 38.917686 309.30026 240.30418 375.71164
test234.jpg 3 0.9994301 125.94498 208.69719 577.9839 578.2923
test233.jpg 0 0.99585515 69.09837 177.09096 285.0 316.72784
test233.jpg 0 0.9939956 0.0 102.32513 99.54091 163.3075
test232.jpg 2 0.9996731 3.2585266 546.2927 858.7484 1095.1781
test231.jpg 0 0.997769 302.49887 795.0112 855.0506 988.9804
test230.jpg 0 0.9937635 23.452707 223.40062 191.66042 289.82663
test230.jpg 3 0.989716 102.889 244.60736 368.32486 411.35028
test230.jpg 0 0.998716 6.1472993 151.93318 100.69287 181.17415
test23.jpg 3 0.99988484 287.18137 630.15985 742.8881 869.2283
test229.jpg 3 0.99962795 395.83493 352.24677 480.00003 521.7457
test229.jpg 0 0.9988111 0.50874484 222.31253 118.631256 325.55154
test229.jpg 3 0.9935075 73.78814 247.93552 390.02396 440.26828
test229.jpg 0 0.98787826 20.588947 176.03381 194.61165 250.47389
test228.jpg 0 0.999479 63.89686 152.11563 287.57956 288.32874
test228.jpg 0 0.999298 140.26422 308.30408 351.78406 598.588
test227.jpg 0 0.9995958 214.41777 475.4327 903.196 1149.9512
test227.jpg 0 0.999453 782.8318 0.0 1072.8757 227.1477
test226.jpg 3 0.9997234 179.58717 835.1089 1033.1122 1773.1332
test225.jpg 1 0.9999745 246.67465 140.29013 817.8212 644.22626
test224.jpg 0 0.9999503 328.92172 516.0261 723.66516 825.74866
test223.jpg 3 0.99974054 460.71317 115.70106 859.627 315.5219
test223.jpg 2 0.99822515 259.86035 530.4109 867.34454 1073.4459
test222.jpg 2 0.999706 155.54538 298.79263 419.4721 590.08594
test221.jpg 1 0.999946 27.788553 500.09622 749.0099 1169.267
test220.jpg 3 0.9999051 180.03603 430.9781 709.69824 819.16644
test22.jpg 3 0.9999335 29.632187 748.26373 713.7971 1429.3512
test219.jpg 1 0.99925107 95.86589 153.25545 259.01636 353.10638
test219.jpg 0 0.989716 32.452293 0.0 282.02475 82.268776
test218.jpg 0 0.9995542 209.42447 477.16718 680.86694 836.86255
test217.jpg 2 0.9983175 291.04596 450.2878 800.31726 926.0159
test216.jpg 0 0.99911696 54.58826 64.97567 251.94264 230.42578
test215.jpg 2 0.9983644 188.32347 1004.5788 713.61487 1605.9631
test214.jpg 0 0.9990652 159.90839 38.116817 402.98492 243.14359
test213.jpg 0 0.8179357 238.70615 517.302 483.0451 633.0192
test212.jpg 2 0.99963284 110.80307 139.32878 323.43027 302.35352
test211.jpg 2 0.9965563 104.29267 931.251 548.2098 1074.6151
test211.jpg 2 0.9882796 544.9756 830.452 939.179 1019.4577
test211.jpg 0 0.81447935 750.5391 1040.608 1079.3972 1074.5167
test210.jpg 2 0.9998704 58.518692 169.64133 276.18594 270.60065
test21.jpg 3 0.9900247 61.335537 200.60648 182.14487 323.53452
test21.jpg 0 0.999245 0.0 154.38594 82.31234 202.22688
test209.jpg 3 0.9987949 180.6492 580.40857 828.4097 967.64343
test209.jpg 3 0.999231 114.93935 599.56836 915.843 1529.2622
test209.jpg 1 0.999456 88.95092 917.7483 913.87177 1564.5121
test209.jpg 2 0.72155696 79.905655 10.818141 822.0785 502.32837
test208.jpg 2 0.99962294 88.303314 102.60006 362.0 377.58496
test207.jpg 3 0.99995244 51.161884 424.03033 899.2633 1127.0287
test207.jpg 0 0.999137 0.0 406.70914 248.0747 801.9031
test206.jpg 2 0.99920124 208.88739 851.84106 2157.7292 3596.8594
test205.jpg 1 0.999948 354.10947 196.09996 644.3897 393.51328
test204.jpg 2 0.9998727 242.2647 732.189 566.1277 892.3719
test203.jpg 1 0.9994087 10.429792 101.820206 319.10922 297.99194
test202.jpg 2 0.999694 205.07703 583.2161 856.7118 929.22815
test202.jpg 2 0.99781847 424.1776 989.0618 1080.0 1437.7999
test201.jpg 0 0.9935539 186.35667 513.5224 401.71985 579.70215
test201.jpg 0 0.82868993 521.86237 628.1281 849.22766 848.67847
test200.jpg 0 0.9992914 241.25273 465.815 1042.812 905.30164
test20.jpg 3 0.999718 130.02184 408.00085 939.83026 820.3962
test20.jpg 0 0.99834406 696.3437 116.569824 1065.0153 246.16196
test20.jpg 0 0.99664694 671.8114 774.9617 1077.3816 1365.38
test20.jpg 3 0.5421791 68.16058 367.4546 978.82404 1226.5948
test2.jpg 1 0.9997869 102.07795 274.44077 482.72354 613.064
test199.jpg 3 0.9997452 136.58647 324.8231 299.162 415.06912
test199.jpg 0 0.99337476 296.88095 466.15976 480.00003 639.74176
test198.jpg 0 0.99975294 340.6633 54.77685 1101.0226 371.00333
test198.jpg 0 0.9996253 54.846313 458.1258 1085.5222 1102.6152
test197.jpg 3 0.99989915 140.9121 713.9925 854.7012 1388.4624
test196.jpg 3 0.989716 87.71673 182.17123 300.90445 359.8868
test196.jpg 0 0.999137 175.79826 346.69427 349.0 464.35437
test195.jpg 1 0.99705005 18.560495 65.78974 356.51224 218.75246
test194.jpg 0 0.99900925 103.481445 81.832375 1067.3207 626.29803
test194.jpg 0 0.999967 67.75008 612.6164 1080.0 1430.6788
test193.jpg 3 0.9998202 32.564068 124.59018 272.56027 334.89413
test193.jpg 0 0.7783757 37.766403 122.56883 266.82922 337.8911
test192.jpg 0 0.9838642 377.479 310.30716 796.6024 444.3976
test192.jpg 2 0.690852 288.39148 467.74707 946.3361 847.3848
test192.jpg 3 0.63798094 294.99014 478.46234 920.134 830.15594
test191.jpg 3 0.9945294 510.87302 1016.7699 976.8674 1412.429
test191.jpg 0 0.999456 210.81052 827.3742 518.47614 951.9017
test190.jpg 2 0.99945635 232.96622 768.0506 802.1185 1297.4332
test19.jpg 3 0.99994636 82.26843 122.0939 282.35208 339.12946
test189.jpg 0 0.99976045 110.98911 305.9668 207.01799 345.5258
test188.jpg 2 0.9969254 250.02402 622.29144 802.94464 1007.7969
test187.jpg 3 0.99990904 318.03677 53.94013 864.2861 319.89276
test186.jpg 1 0.9913618 233.44225 0.0 1478.485 817.6761
test186.jpg 0 0.8180882 3.013534 167.36586 219.33495 693.0701
test186.jpg 4 0.7463918 271.27237 0.0 1409.877 825.2191
test185.jpg 0 0.9999031 400.0972 593.3091 751.3089 847.6824
test184.jpg 3 0.99950206 360.25357 441.73685 689.62836 545.55597
test183.jpg 2 0.99944645 181.08981 1103.2722 662.868 1624.3684
test182.jpg 3 0.99944574 40.732754 187.81418 256.11578 347.60718
test182.jpg 0 0.69392115 0.45644623 164.82872 40.006657 220.29706
test181.jpg 2 0.99960333 2.1061275 184.45052 1034.7477 1347.3987
test180.jpg 0 0.99901104 165.41945 544.9257 921.6944 857.1326
test18.jpg 3 0.9997961 42.79813 138.05818 327.1121 286.53183
test179.jpg 2 0.999231 182.94272 513.7106 1068.4213 1430.7771
test178.jpg 3 0.9997726 243.42332 428.47232 1049.0266 676.73413
test177.jpg 0 0.99456906 14.336973 121.75191 540.0 688.8527
test176.jpg 3 0.9987471 69.71965 141.5938 257.30392 300.12912
test175.jpg 3 0.9994511 86.30281 358.89053 265.28122 438.29095
test174.jpg 0 0.99983406 191.7771 536.13477 817.8724 913.7538
test173.jpg 0 0.9998443 294.73337 928.3738 791.50366 1294.3511
test172.jpg 3 0.9991737 444.51465 604.71704 1034.5394 827.92365
test171.jpg 3 0.9859006 183.76236 361.69333 731.3906 611.3797
test170.jpg 3 0.99983466 104.310486 270.286 270.32327 380.90958
test17.jpg 2 0.9986707 236.25587 433.63 712.86115 1044.9142
test169.jpg 0 0.9990652 159.90839 38.116817 402.98492 243.14359
test168.jpg 2 0.9995486 91.99605 162.17499 297.4257 315.20462
test167.jpg 2 0.9998264 84.865456 291.71246 278.88574 445.81317
test166.jpg 1 0.999686 88.46195 224.2935 463.3977 547.7076
test165.jpg 1 0.99987984 266.24133 533.3361 402.62338 660.117
test165.jpg 0 0.9915412 230.08493 663.43536 451.6089 800.0
test165.jpg 1 0.5603406 485.9239 602.4962 600.0 714.3077
test165.jpg 2 0.54450345 487.95892 596.62915 599.464 715.3599
test164.jpg 2 0.99975413 113.21621 115.85631 324.35077 276.28928
test163.jpg 3 0.9999403 85.47929 151.13712 274.17047 330.27432
test162.jpg 3 0.9998536 237.048 480.17178 885.82367 905.99445
test161.jpg 2 0.9998615 174.32825 711.22534 1025.1425 1433.7277
test160.jpg 0 0.9996202 229.119 405.44614 600.7838 610.58
test16.jpg 0 0.9998517 0.9145734 466.96173 261.8191 638.0
test159.jpg 0 0.9998221 159.53706 527.2363 462.02643 778.882
test158.jpg 2 0.99982303 36.00909 139.71729 291.36224 368.71768
test157.jpg 2 0.99974316 96.77487 178.84344 929.18396 1152.5873
test156.jpg 2 0.9999275 98.73708 154.87634 263.5332 271.9592
test155.jpg 3 0.99874544 222.99516 781.80115 748.44836 1291.4545
test154.jpg 0 0.9915547 80.98282 302.88312 1005.8222 1267.602
test153.jpg 3 0.99390924 622.7838 164.7919 1477.8842 835.1352
test152.png 4 0.99902797 44.39013 161.67462 232.13081 298.44678
test151.jpg 3 0.9997458 473.19348 1276.277 1273.2378 1550.8241
test150.jpg 3 0.99961144 339.956 454.95258 710.79034 697.5305
test15.jpg 2 0.9871132 13.929897 123.909836 1080.0 1250.6885
test149.jpg 3 0.99984825 401.13495 805.1203 804.7438 979.7556
test149.jpg 0 0.997986 819.86444 680.9899 1033.8815 728.11847
test148.jpg 0 0.9951174 128.13713 103.54063 308.87378 388.07397
test147.jpg 2 0.99985576 52.077316 336.50247 274.13358 526.1554
test146.jpg 3 0.99991226 339.72803 870.3302 710.0172 1078.1813
test146.jpg 2 0.999245 13.806766 92.18754 1034.5508 479.9566
test145.jpg 3 0.98993427 362.6464 631.4497 778.2388 891.0739
test144.jpg 3 0.99989533 414.6201 1026.9503 736.7746 1240.8268
test143.jpg 3 0.9999052 367.08063 690.8253 689.3433 821.66174
test142.jpg 1 0.999861 225.83014 452.26633 427.58377 610.4183
test141.jpg 3 0.99888414 139.50241 869.2784 1209.0038 1585.758
test140.jpg 0 0.9993931 49.429516 117.958305 274.73993 227.92484
test14.jpg 3 0.99708086 6.152137 80.83532 360.70032 420.35812
test139.jpg 0 0.8429137 235.04893 641.74146 600.2368 788.2433
test138.jpg 0 0.9999155 457.36868 1013.90704 1269.4509 1601.3448
test138.jpg 0 0.99535227 786.7509 794.02325 1269.7026 1059.6584
test137.jpg 2 0.999453 5.686661 214.21976 1074.8208 1253.9948
test136.jpg 0 0.9999294 141.53615 252.57791 386.21695 482.69876
test136.jpg 0 0.99980456 153.22017 108.412766 322.8709 228.19366
test135.jpg 2 0.99970067 453.08118 596.977 998.27136 903.3024
test134.jpg 3 0.9994448 406.69342 656.4862 886.66 811.1995
test133.jpg 2 0.9975648 97.145325 300.4645 1169.0068 1253.9282
test132.jpg 2 0.998811 97.90534 305.30008 283.62912 430.8236
test131.jpg 3 0.99967134 670.8504 799.1057 939.10785 900.33624
test130.jpg 1 0.9909731 29.378263 402.27618 248.69727 452.97897
test13.jpg 3 0.9997886 55.121952 126.70112 255.09317 353.53497
test13.jpg 1 0.74650276 190.56195 0.59298205 289.78726 16.148275
test129.jpg 3 0.99587834 44.98127 312.151 398.5435 457.14618
test129.jpg 0 0.999453 216.90982 509.4852 480.00003 638.72174
test128.jpg 0 0.9987213 308.68134 65.60368 437.80215 231.58447
test127.jpg 3 0.99965024 234.82703 1025.0353 753.88 1502.0
test126.jpg 0 0.99993753 52.270252 241.23991 509.00992 447.44705
test125.jpg 3 0.999314 11.616312 263.47263 1080.0 1172.4149
test125.jpg 2 0.5119088 5.819444 256.3439 1080.0 1164.1217
test124.jpg 3 0.9999114 485.88104 692.43286 1289.3232 1058.9368
test123.jpg 3 0.9996593 87.34382 149.3873 247.37076 430.55505
test122.jpg 0 0.99995685 152.76387 324.63437 758.1587 811.1073
test121.jpg 3 0.9997185 66.20572 462.98004 725.80194 857.7916
test120.jpg 2 0.99911433 63.114395 258.8066 381.34653 485.59933
test12.jpg 3 0.99955064 569.0158 2027.7539 2302.051 3457.6536
test119.jpg 0 0.998716 18.755186 307.85214 1058.9148 1347.8457
test118.jpg 0 0.9996112 67.18417 424.2805 1020.80963 985.41486
test117.jpg 3 0.99982375 664.2256 869.686 1040.014 1120.9049
test116.jpg 2 0.99949706 35.606415 474.4239 175.70305 537.24915
test115.jpg 2 0.9994129 94.19469 234.01604 271.29535 391.7015
test114.jpg 3 0.9980769 77.58646 238.26123 262.4896 453.1762
test113.jpg 0 0.9998293 318.38138 965.62646 945.44116 1267.9872
test112.jpg 3 0.9994837 454.79816 380.88873 864.2688 583.9361
test111.jpg 2 0.99587953 156.39459 491.91525 929.3557 1216.8876
test110.jpg 3 0.99973494 113.61884 315.4082 213.64037 350.74567
test11.jpg 3 0.9998691 54.234875 228.7041 1008.482 1155.4365
test109.jpg 0 0.98889214 0.2404152 827.87256 447.16245 1142.9454
test109.jpg 3 0.989716 340.4094 192.67166 743.17535 322.83835
test108.jpg 2 0.99930704 106.95729 1213.202 864.0 1904.982
test108.jpg 2 0.56638765 388.83847 0.0 864.0 594.6616
test107.jpg 0 0.99984145 147.95097 281.9715 250.5745 346.88385
test106.jpg 2 0.9915099 109.47117 364.7515 918.7919 1261.7786
test105.jpg 3 0.9977639 6.553369 704.52075 1007.75684 1676.225
test104.jpg 3 0.99890435 200.3272 659.8553 946.00446 1105.0477
test104.jpg 1 0.999967 157.39058 1084.5145 1039.0802 1755.4811
test104.jpg 3 0.999967 143.64195 726.9201 1044.2369 1733.9064
test104.jpg 2 0.79451525 87.739235 10.207444 928.7379 576.8177
test103.jpg 3 0.9997093 0.0 19.31666 816.02625 913.6684
test102.jpg 3 0.9998338 324.26157 1254.7622 884.8529 1485.8467
test101.jpg 2 0.9996958 66.905655 277.82874 257.0223 396.6307
test100.jpg 0 0.99986446 5.918699 263.16583 188.65652 316.4502
test10.jpg 0 0.99884737 65.280495 185.82077 204.36047 250.82312
test10.jpg 3 0.9924947 60.988094 164.16692 169.85234 194.0029
test10.jpg 3 0.999706 148.71332 211.84152 392.72418 342.1621
test10.jpg 3 0.5923681 146.17448 212.54625 343.4641 285.55423
test1.jpg 3 0.99860054 277.70953 459.13892 1060.1459 1403.825
test0.jpg 2 0.99864584 55.92649 229.27199 319.10864 483.5311
