epoch:7 0.8126  0.9750  0.9439  0.4000  0.7242  0.8149  0.8247  0.8632  0.8632  0.8000  0.7933  0.8652  0.0723  0.001089
epoch:8 0.8157  0.9749  0.9429  0.4000  0.7285  0.8181  0.8291  0.8656  0.8656  0.8000  0.7906  0.8673  0.0691  0.001089
epoch:9 0.8216  0.9786  0.9518  0.4500  0.7419  0.8241  0.8354  0.8716  0.8716  0.9000  0.7822  0.8735  0.0640  0.000359
epoch:10 0.8211  0.9778  0.9444  0.4000  0.7448  0.8237  0.8350  0.8725  0.8725  0.8000  0.7906  0.8744  0.0627  0.000359
epoch:11 0.8215  0.9778  0.9444  0.4500  0.7547  0.8237  0.8337  0.8678  0.8678  0.9000  0.7889  0.8693  0.0617  0.000359
epoch:12 0.8231  0.9816  0.9529  0.4500  0.7428  0.8258  0.8340  0.8699  0.8699  0.9000  0.7822  0.8717  0.0602  0.000119
epoch:13 0.8213  0.9745  0.9429  0.4500  0.7159  0.8235  0.8352  0.8696  0.8696  0.9000  0.7872  0.8715  0.0596  0.000119
epoch:14 0.8284  0.9814  0.9532  0.4500  0.7373  0.8303  0.8387  0.8726  0.8726  0.9000  0.7989  0.8742  0.0590  0.000119
epoch:15 0.8223  0.9797  0.9529  0.4500  0.7350  0.8244  0.8351  0.8702  0.8702  0.9000  0.7939  0.8718  0.0587  0.000039
epoch:16 0.8257  0.9750  0.9470  0.4500  0.7513  0.8285  0.8371  0.8717  0.8717  0.9000  0.7933  0.8735  0.0588  0.000039
epoch:17 0.8273  0.9803  0.9508  0.4500  0.7546  0.8294  0.8382  0.8733  0.8733  0.9000  0.7972  0.8748  0.0585  0.000039
epoch:18 0.8255  0.9750  0.9500  0.4500  0.7569  0.8273  0.8356  0.8710  0.8710  0.9000  0.7989  0.8726  0.0582  0.000013
epoch:19 0.8241  0.9786  0.9415  0.9000  0.7337  0.8262  0.8340  0.8706  0.8706  0.9000  0.7939  0.8722  0.0584  0.000013
epoch:20 0.8254  0.9753  0.9475  0.4500  0.7362  0.8276  0.8377  0.8719  0.8719  0.9000  0.7889  0.8736  0.0584  0.000013
epoch:21 0.8262  0.9797  0.9505  0.4000  0.7339  0.8286  0.8380  0.8732  0.8732  0.8000  0.7822  0.8752  0.0585  0.000004
epoch:22 0.8251  0.9801  0.9480  0.9000  0.7403  0.8278  0.8365  0.8709  0.8709  0.9000  0.7822  0.8727  0.0584  0.000004
epoch:23 0.8252  0.9743  0.9467  0.4000  0.7518  0.8276  0.8373  0.8724  0.8724  0.8000  0.7922  0.8741  0.0588  0.000004
epoch:24 0.8297  0.9788  0.9533  0.4000  0.7517  0.8323  0.8398  0.8753  0.8753  0.8000  0.7856  0.8773  0.0583  0.000001
epoch:25 0.8262  0.9792  0.9507  0.4500  0.7374  0.8287  0.8380  0.8725  0.8725  0.9000  0.7939  0.8741  0.0580  0.000001
epoch:26 0.8257  0.9765  0.9495  0.4500  0.7570  0.8274  0.8381  0.8720  0.8720  0.9000  0.7956  0.8738  0.0585  0.000001
epoch:27 0.8264  0.9795  0.9518  0.4500  0.7594  0.8282  0.8361  0.8697  0.8697  0.9000  0.8100  0.8712  0.0583  0.000000
epoch:28 0.8251  0.9802  0.9532  0.4500  0.7536  0.8274  0.8379  0.8724  0.8724  0.9000  0.8006  0.8738  0.0583  0.000000
epoch:29 0.8258  0.9793  0.9465  0.4500  0.7314  0.8284  0.8383  0.8727  0.8727  0.9000  0.7822  0.8745  0.0585  0.000000
epoch:30 0.8230  0.9795  0.9507  0.4500  0.7551  0.8249  0.8345  0.8702  0.8702  0.9000  0.7989  0.8719  0.0581  0.000000
epoch:31 0.8261  0.9803  0.9486  0.4000  0.7271  0.8285  0.8364  0.8709  0.8709  0.8000  0.7872  0.8729  0.0583  0.000000
epoch:32 0.8277  0.9793  0.9518  0.4500  0.7052  0.8306  0.8382  0.8728  0.8728  0.9000  0.7856  0.8746  0.0583  0.000000
epoch:33 0.8230  0.9799  0.9512  0.4500  0.7475  0.8249  0.8356  0.8700  0.8700  0.9000  0.7939  0.8715  0.0584  0.000000
epoch:34 0.8237  0.9802  0.9456  0.4500  0.7144  0.8265  0.8337  0.8698  0.8698  0.9000  0.7822  0.8717  0.0582  0.000000
epoch:35 0.8249  0.9789  0.9495  0.3000  0.7583  0.8273  0.8352  0.8693  0.8693  0.9000  0.7872  0.8711  0.0578  0.000000
epoch:36 0.8250  0.9792  0.9508  0.4500  0.7418  0.8279  0.8373  0.8729  0.8729  0.9000  0.7967  0.8746  0.0583  0.000000
epoch:37 0.8259  0.9801  0.9530  0.3000  0.7287  0.8278  0.8356  0.8716  0.8716  0.9000  0.7872  0.8735  0.0584  0.000000
epoch:38 0.8222  0.9749  0.9497  0.4500  0.7520  0.8241  0.8334  0.8693  0.8693  0.9000  0.8050  0.8708  0.0585  0.000000
epoch:39 0.8242  0.9802  0.9520  0.9000  0.7502  0.8264  0.8355  0.8706  0.8706  0.9000  0.7939  0.8723  0.0582  0.000000
epoch:40 0.8239  0.9778  0.9442  0.4500  0.7196  0.8267  0.8339  0.8708  0.8708  0.9000  0.8094  0.8725  0.0584  0.000000
epoch:41 0.8247  0.9764  0.9467  0.4500  0.7524  0.8265  0.8357  0.8701  0.8701  0.9000  0.7933  0.8718  0.0582  0.000000
epoch:42 0.8247  0.9790  0.9467  0.3000  0.7317  0.8272  0.8365  0.8706  0.8706  0.9000  0.7906  0.8723  0.0582  0.000000
epoch:43 0.8273  0.9794  0.9519  0.4500  0.7598  0.8293  0.8395  0.8732  0.8732  0.9000  0.7989  0.8749  0.0580  0.000000
epoch:44 0.8267  0.9743  0.9482  0.4500  0.7104  0.8297  0.8391  0.8734  0.8734  0.9000  0.7822  0.8753  0.0582  0.000000
epoch:45 0.8266  0.9788  0.9494  0.4500  0.7336  0.8295  0.8383  0.8730  0.8730  0.9000  0.7872  0.8749  0.0582  0.000000
epoch:46 0.8237  0.9803  0.9463  0.3000  0.7239  0.8263  0.8344  0.8707  0.8707  0.9000  0.7939  0.8722  0.0583  0.000000
epoch:47 0.8259  0.9788  0.9476  0.4000  0.7236  0.8283  0.8357  0.8707  0.8707  0.8000  0.8033  0.8722  0.0578  0.000000
epoch:48 0.8236  0.9774  0.9493  0.3000  0.7550  0.8258  0.8362  0.8708  0.8708  0.9000  0.7906  0.8725  0.0581  0.000000
epoch:49 0.8293  0.9804  0.9512  0.4500  0.7364  0.8316  0.8401  0.8752  0.8752  0.9000  0.8022  0.8768  0.0585  0.000000
epoch:50 0.8251  0.9749  0.9513  0.4000  0.7360  0.8272  0.8359  0.8699  0.8699  0.8000  0.7972  0.8715  0.0579  0.000000
epoch:51 0.8239  0.9791  0.9484  0.4500  0.7570  0.8259  0.8339  0.8709  0.8709  0.9000  0.8083  0.8723  0.0581  0.000000
epoch:52 0.8234  0.9756  0.9528  0.4000  0.7626  0.8252  0.8352  0.8704  0.8704  0.8000  0.8022  0.8720  0.0583  0.000000
epoch:53 0.8242  0.9810  0.9500  0.4000  0.7412  0.8267  0.8363  0.8711  0.8711  0.8000  0.7939  0.8728  0.0582  0.000000
epoch:54 0.8220  0.9788  0.9426  0.4500  0.7525  0.8239  0.8343  0.8683  0.8683  0.9000  0.7906  0.8700  0.0584  0.000000
epoch:55 0.8270  0.9788  0.9482  0.4000  0.7493  0.8291  0.8366  0.8708  0.8708  0.8000  0.7856  0.8726  0.0584  0.000000
epoch:56 0.8239  0.9785  0.9454  0.9000  0.7614  0.8260  0.8353  0.8704  0.8704  0.9000  0.7989  0.8721  0.0583  0.000000
epoch:57 0.8259  0.9788  0.9500  0.4500  0.7433  0.8280  0.8366  0.8721  0.8721  0.9000  0.7822  0.8740  0.0587  0.000000
epoch:58 0.8267  0.9789  0.9530  0.4500  0.7394  0.8287  0.8365  0.8715  0.8715  0.9000  0.7822  0.8733  0.0581  0.000000
epoch:59 0.8252  0.9794  0.9508  0.4500  0.7139  0.8277  0.8363  0.8731  0.8731  0.9000  0.7789  0.8751  0.0585  0.000000
epoch:60 0.8239  0.9761  0.9458  0.4500  0.7441  0.8266  0.8356  0.8712  0.8712  0.9000  0.7822  0.8731  0.0580  0.000000
epoch:61 0.8214  0.9777  0.9437  0.4500  0.7454  0.8235  0.8335  0.8682  0.8682  0.9000  0.7822  0.8700  0.0584  0.000000
epoch:62 0.8289  0.9803  0.9496  0.4500  0.7098  0.8318  0.8403  0.8752  0.8752  0.9000  0.7856  0.8770  0.0582  0.000000
epoch:63 0.8259  0.9786  0.9420  0.4500  0.7533  0.8281  0.8372  0.8725  0.8725  0.9000  0.7889  0.8741  0.0582  0.000000
epoch:64 0.8253  0.9794  0.9498  0.4500  0.7243  0.8279  0.8372  0.8732  0.8732  0.9000  0.7856  0.8750  0.0585  0.000000
