epoch:0 0.5038  0.7787  0.5923  0.6000  0.5470  0.5071  0.6215  0.6786  0.6786  0.6000  0.6828  0.6793  0.2826  0.010000
epoch:1 0.5735  0.8559  0.6630  0.0750  0.6120  0.5756  0.6754  0.7200  0.7200  0.6000  0.7050  0.7213  0.1955  0.010000
epoch:2 0.6103  0.8844  0.7503  0.0750  0.6836  0.6110  0.6886  0.7279  0.7279  0.6000  0.7356  0.7284  0.1692  0.010000
epoch:3 0.7474  0.9478  0.8963  0.3500  0.7902  0.7485  0.7840  0.8212  0.8212  0.7000  0.8289  0.8221  0.1221  0.003300
epoch:4 0.7511  0.9541  0.9119  0.1000  0.6891  0.7536  0.7818  0.8215  0.8215  0.5000  0.8072  0.8227  0.1101  0.003300
epoch:5 0.7713  0.9611  0.9165  0.6000  0.7673  0.7730  0.7960  0.8348  0.8348  0.6000  0.8022  0.8364  0.1023  0.003300
epoch:6 0.7986  0.9669  0.9363  0.7000  0.8044  0.7999  0.8168  0.8562  0.8562  0.7000  0.8422  0.8573  0.0834  0.001089
epoch:7 0.7898  0.9650  0.9257  0.6000  0.7657  0.7913  0.8116  0.8504  0.8504  0.6000  0.8506  0.8511  0.0770  0.001089
epoch:8 0.8023  0.9693  0.9332  0.3500  0.8284  0.8037  0.8231  0.8592  0.8592  0.7000  0.8650  0.8598  0.0734  0.001089
epoch:9 0.8107  0.9708  0.9530  0.3000  0.7677  0.8124  0.8279  0.8635  0.8635  0.6000  0.8439  0.8644  0.0662  0.000359
epoch:10 0.8127  0.9715  0.9468  0.1200  0.8094  0.8140  0.8270  0.8657  0.8657  0.6000  0.8539  0.8666  0.0636  0.000359
epoch:11 0.8105  0.9718  0.9530  0.3000  0.7861  0.8121  0.8261  0.8629  0.8629  0.6000  0.8428  0.8638  0.0624  0.000359
epoch:12 0.8133  0.9715  0.9493  0.3000  0.7561  0.8148  0.8307  0.8669  0.8669  0.6000  0.8411  0.8678  0.0600  0.000119
epoch:13 0.8140  0.9734  0.9437  0.3000  0.7521  0.8157  0.8269  0.8648  0.8648  0.6000  0.8294  0.8659  0.0599  0.000119
epoch:14 0.8135  0.9728  0.9412  0.6000  0.7512  0.8148  0.8293  0.8653  0.8653  0.6000  0.8344  0.8664  0.0590  0.000119
epoch:15 0.8148  0.9727  0.9467  0.3000  0.7837  0.8159  0.8322  0.8687  0.8687  0.6000  0.8428  0.8698  0.0581  0.000039
epoch:16 0.8152  0.9738  0.9464  0.3000  0.7494  0.8162  0.8297  0.8668  0.8668  0.6000  0.8344  0.8680  0.0581  0.000039
epoch:17 0.8132  0.9771  0.9474  0.3500  0.7520  0.8147  0.8282  0.8651  0.8651  0.7000  0.8411  0.8658  0.0580  0.000039
epoch:18 0.8179  0.9729  0.9513  0.3000  0.7568  0.8192  0.8335  0.8702  0.8702  0.6000  0.8461  0.8712  0.0578  0.000013
epoch:19 0.8133  0.9734  0.9427  0.3500  0.7996  0.8146  0.8301  0.8660  0.8660  0.7000  0.8456  0.8670  0.0572  0.000013
epoch:20 0.8107  0.9718  0.9441  0.3000  0.7905  0.8119  0.8271  0.8641  0.8641  0.6000  0.8378  0.8651  0.0575  0.000013
