epoch:65 0.8264  0.9772  0.9516  0.4500  0.7592  0.8289  0.8372  0.8717  0.8717  0.9000  0.7989  0.8733  0.0584  0.000000
epoch:66 0.8211  0.9743  0.9458  0.4500  0.7181  0.8234  0.8345  0.8690  0.8690  0.9000  0.7983  0.8708  0.0582  0.000000
epoch:67 0.8284  0.9786  0.9521  0.4500  0.7503  0.8311  0.8395  0.8745  0.8745  0.9000  0.7822  0.8764  0.0584  0.000000
epoch:68 0.8251  0.9797  0.9505  0.4500  0.7676  0.8271  0.8371  0.8701  0.8701  0.9000  0.8100  0.8716  0.0584  0.000000
epoch:69 0.8250  0.9787  0.9533  0.4500  0.7243  0.8274  0.8367  0.8712  0.8712  0.9000  0.8050  0.8727  0.0587  0.000000
epoch:70 0.8207  0.9729  0.9434  0.4500  0.7188  0.8233  0.8350  0.8686  0.8686  0.9000  0.7822  0.8705  0.0583  0.000000
epoch:71 0.8264  0.9801  0.9506  0.2667  0.7432  0.8288  0.8364  0.8718  0.8718  0.8000  0.7822  0.8738  0.0584  0.000000
epoch:72 0.8257  0.9790  0.9491  0.4500  0.7158  0.8275  0.8367  0.8709  0.8709  0.9000  0.7856  0.8726  0.0582  0.000000
epoch:73 0.8239  0.9742  0.9423  0.4500  0.7541  0.8264  0.8371  0.8712  0.8712  0.9000  0.7939  0.8729  0.0581  0.000000
epoch:74 0.8262  0.9784  0.9459  0.4000  0.7548  0.8287  0.8373  0.8724  0.8724  0.8000  0.7972  0.8741  0.0583  0.000000
epoch:75 0.8257  0.9790  0.9498  0.2667  0.7514  0.8279  0.8370  0.8713  0.8713  0.8000  0.7972  0.8730  0.0581  0.000000
epoch:76 0.8268  0.9784  0.9484  0.4500  0.7528  0.8292  0.8370  0.8719  0.8719  0.9000  0.7906  0.8737  0.0580  0.000000
epoch:77 0.8262  0.9805  0.9490  0.4500  0.7623  0.8282  0.8381  0.8718  0.8718  0.9000  0.7989  0.8734  0.0584  0.000000
epoch:78 0.8258  0.9790  0.9483  0.4500  0.7535  0.8282  0.8366  0.8715  0.8715  0.9000  0.8017  0.8732  0.0583  0.000000
epoch:79 0.8220  0.9770  0.9449  0.9000  0.7678  0.8239  0.8341  0.8679  0.8679  0.9000  0.8133  0.8693  0.0582  0.000000
epoch:80 0.8257  0.9785  0.9427  0.4500  0.7547  0.8281  0.8372  0.8723  0.8723  0.9000  0.7939  0.8739  0.0581  0.000000
epoch:81 0.8252  0.9785  0.9532  0.4500  0.7656  0.8274  0.8358  0.8708  0.8708  0.9000  0.7967  0.8724  0.0583  0.000000
epoch:82 0.8250  0.9807  0.9536  0.4500  0.7550  0.8271  0.8356  0.8706  0.8706  0.9000  0.7989  0.8722  0.0582  0.000000
epoch:83 0.8261  0.9779  0.9474  0.4500  0.7076  0.8288  0.8368  0.8721  0.8721  0.9000  0.7900  0.8740  0.0587  0.000000
epoch:84 0.8225  0.9757  0.9456  0.4500  0.7465  0.8252  0.8366  0.8712  0.8712  0.9000  0.7906  0.8730  0.0582  0.000000
epoch:85 0.8260  0.9808  0.9478  0.3000  0.7599  0.8276  0.8366  0.8723  0.8723  0.9000  0.8133  0.8738  0.0583  0.000000
epoch:86 0.8263  0.9810  0.9535  0.4500  0.7402  0.8288  0.8371  0.8727  0.8727  0.9000  0.7822  0.8745  0.0583  0.000000
epoch:87 0.8232  0.9766  0.9537  0.4500  0.7144  0.8256  0.8340  0.8697  0.8697  0.9000  0.7794  0.8716  0.0584  0.000000
epoch:88 0.8255  0.9799  0.9506  0.3000  0.7443  0.8282  0.8355  0.8718  0.8718  0.9000  0.7856  0.8736  0.0585  0.000000
epoch:89 0.8244  0.9793  0.9515  0.4500  0.7506  0.8263  0.8350  0.8708  0.8708  0.9000  0.7939  0.8724  0.0581  0.000000
epoch:90 0.8211  0.9772  0.9406  0.4500  0.7682  0.8229  0.8331  0.8687  0.8687  0.9000  0.8100  0.8702  0.0586  0.000000
epoch:91 0.8252  0.9787  0.9445  0.4500  0.7167  0.8272  0.8372  0.8716  0.8716  0.9000  0.7933  0.8734  0.0582  0.000000
epoch:92 0.8294  0.9804  0.9483  0.4000  0.7530  0.8320  0.8380  0.8739  0.8739  0.8000  0.7972  0.8756  0.0584  0.000000
epoch:93 0.8216  0.9734  0.9499  0.4500  0.7369  0.8242  0.8356  0.8700  0.8700  0.9000  0.8050  0.8715  0.0590  0.000000
epoch:94 0.8235  0.9747  0.9481  0.3000  0.7532  0.8254  0.8351  0.8700  0.8700  0.9000  0.7872  0.8719  0.0583  0.000000
epoch:95 0.8243  0.9776  0.9438  0.3500  0.7546  0.8260  0.8364  0.8715  0.8715  0.7000  0.8006  0.8731  0.0586  0.000000
epoch:96 0.8258  0.9801  0.9523  0.4500  0.7560  0.8283  0.8380  0.8726  0.8726  0.9000  0.8022  0.8741  0.0583  0.000000
epoch:97 0.8225  0.9760  0.9505  0.4500  0.7374  0.8250  0.8323  0.8685  0.8685  0.9000  0.7822  0.8703  0.0585  0.000000
epoch:98 0.8238  0.9785  0.9459  0.4000  0.7417  0.8264  0.8362  0.8710  0.8710  0.8000  0.7872  0.8730  0.0581  0.000000
epoch:99 0.8271  0.9787  0.9495  0.4500  0.7418  0.8299  0.8377  0.8722  0.8722  0.9000  0.7822  0.8741  0.0581  0.000000
epoch:100 0.8267  0.9787  0.9511  0.4500  0.7421  0.8289  0.8382  0.8731  0.8731  0.9000  0.7889  0.8747  0.0584  0.000000
epoch:101 0.8282  0.9800  0.9498  0.4500  0.7323  0.8308  0.8392  0.8734  0.8734  0.9000  0.7989  0.8751  0.0581  0.000000
epoch:102 0.8222  0.9750  0.9426  0.4500  0.7184  0.8246  0.8347  0.8692  0.8692  0.9000  0.7939  0.8708  0.0581  0.000000
epoch:103 0.8237  0.9786  0.9427  0.4500  0.7066  0.8261  0.8357  0.8708  0.8708  0.9000  0.7906  0.8725  0.0578  0.000000
epoch:104 0.8235  0.9788  0.9484  0.4500  0.7497  0.8256  0.8351  0.8696  0.8696  0.9000  0.7939  0.8712  0.0580  0.000000
epoch:105 0.8228  0.9785  0.9411  0.4000  0.7448  0.8252  0.8343  0.8689  0.8689  0.8000  0.7856  0.8707  0.0581  0.000000
epoch:106 0.8273  0.9798  0.9499  0.4000  0.7577  0.8290  0.8367  0.8722  0.8722  0.8000  0.7972  0.8738  0.0581  0.000000
epoch:107 0.8220  0.9784  0.9462  0.4500  0.7434  0.8239  0.8351  0.8703  0.8703  0.9000  0.7856  0.8720  0.0581  0.000000
epoch:108 0.8252  0.9797  0.9495  0.3000  0.7335  0.8275  0.8358  0.8726  0.8726  0.9000  0.7939  0.8742  0.0583  0.000000
epoch:109 0.8255  0.9801  0.9501  0.4000  0.7168  0.8286  0.8364  0.8721  0.8721  0.8000  0.7939  0.8740  0.0579  0.000000
epoch:110 0.8229  0.9779  0.9427  0.4500  0.7238  0.8253  0.8339  0.8698  0.8698  0.9000  0.7906  0.8715  0.0584  0.000000
epoch:111 0.8241  0.9758  0.9521  0.4500  0.7226  0.8269  0.8357  0.8731  0.8731  0.9000  0.7889  0.8749  0.0581  0.000000
epoch:112 0.8243  0.9780  0.9498  0.4500  0.7381  0.8271  0.8354  0.8716  0.8716  0.9000  0.7856  0.8734  0.0582  0.000000
epoch:113 0.8257  0.9786  0.9498  0.4500  0.7535  0.8278  0.8373  0.8729  0.8729  0.9000  0.7972  0.8744  0.0581  0.000000
epoch:114 0.8259  0.9788  0.9500  0.4500  0.7414  0.8282  0.8362  0.8705  0.8705  0.9000  0.7856  0.8722  0.0584  0.000000
epoch:115 0.8243  0.9754  0.9477  0.4500  0.7598  0.8263  0.8353  0.8708  0.8708  0.9000  0.7967  0.8725  0.0583  0.000000
epoch:116 0.8273  0.9788  0.9511  0.4500  0.7218  0.8298  0.8383  0.8734  0.8734  0.9000  0.7939  0.8750  0.0584  0.000000
epoch:117 0.8266  0.9764  0.9515  0.4500  0.7459  0.8292  0.8358  0.8724  0.8724  0.9000  0.7906  0.8741  0.0583  0.000000
epoch:118 0.8234  0.9751  0.9460  0.4500  0.7171  0.8262  0.8364  0.8722  0.8722  0.9000  0.7756  0.8743  0.0584  0.000000
epoch:119 0.8276  0.9803  0.9489  0.4500  0.7312  0.8300  0.8376  0.8733  0.8733  0.9000  0.7856  0.8751  0.0583  0.000000
epoch:120 0.8227  0.9788  0.9474  0.4000  0.7098  0.8257  0.8356  0.8707  0.8707  0.8000  0.7822  0.8726  0.0582  0.000000
epoch:121 0.8224  0.9788  0.9483  0.4500  0.7231  0.8247  0.8348  0.8694  0.8694  0.9000  0.7822  0.8713  0.0581  0.000000
epoch:122 0.8222  0.9747  0.9445  0.4500  0.7427  0.8244  0.8349  0.8693  0.8693  0.9000  0.8022  0.8708  0.0583  0.000000
epoch:123 0.8212  0.9774  0.9493  0.4500  0.7251  0.8234  0.8342  0.8682  0.8682  0.9000  0.7856  0.8699  0.0581  0.000000
epoch:124 0.8244  0.9785  0.9471  0.4500  0.7265  0.8265  0.8356  0.8710  0.8710  0.9000  0.7889  0.8726  0.0586  0.000000
epoch:125 0.8237  0.9776  0.9455  0.4500  0.7564  0.8259  0.8357  0.8705  0.8705  0.9000  0.7972  0.8720  0.0584  0.000000
epoch:126 0.8282  0.9800  0.9486  0.4500  0.7140  0.8302  0.8396  0.8743  0.8743  0.9000  0.7939  0.8759  0.0584  0.000000
epoch:127 0.8250  0.9750  0.9465  0.4500  0.7565  0.8274  0.8357  0.8705  0.8705  0.9000  0.7967  0.8722  0.0584  0.000000
epoch:128 0.8246  0.9789  0.9538  0.4500  0.7426  0.8270  0.8359  0.8711  0.8711  0.9000  0.7822  0.8730  0.0580  0.000000
epoch:129 0.8256  0.9792  0.9467  0.4500  0.7501  0.8281  0.8356  0.8721  0.8721  0.9000  0.7939  0.8737  0.0584  0.000000
