epoch:0 0.5472  0.8031  0.6498  0.1600  0.5193  0.5527  0.6481  0.7216  0.7216  0.8000  0.6656  0.7236  0.2836  0.010000
epoch:1 0.6716  0.9277  0.8262  0.7000  0.6740  0.6727  0.7184  0.7615  0.7615  0.7000  0.7300  0.7624  0.1752  0.010000
epoch:2 0.6816  0.9354  0.8361  0.7000  0.6397  0.6847  0.7298  0.7705  0.7705  0.7000  0.7939  0.7709  0.1471  0.010000
epoch:3 0.7730  0.9700  0.9093  0.2500  0.7225  0.7755  0.8009  0.8392  0.8392  0.5000  0.7733  0.8412  0.1097  0.003300
epoch:4 0.7922  0.9715  0.9302  0.6000  0.7049  0.7949  0.8139  0.8513  0.8513  0.6000  0.8067  0.8532  0.0978  0.003300
epoch:5 0.7978  0.9779  0.9427  0.0250  0.7631  0.8001  0.8197  0.8528  0.8528  0.1000  0.8072  0.8549  0.0907  0.003300
epoch:6 0.8129  0.9751  0.9501  0.2000  0.7235  0.8159  0.8292  0.8640  0.8640  0.4000  0.7872  0.8664  0.0767  0.001089
epoch:7 0.8203  0.9841  0.9526  0.3000  0.7411  0.8235  0.8323  0.8671  0.8671  0.3000  0.7850  0.8698  0.0721  0.001089
epoch:8 0.8110  0.9801  0.9414  0.3000  0.7622  0.8137  0.8271  0.8617  0.8617  0.3000  0.7922  0.8642  0.0684  0.001089
epoch:9 0.8233  0.9829  0.9543  0.2000  0.7912  0.8255  0.8354  0.8707  0.8707  0.2000  0.8278  0.8729  0.0649  0.000359
epoch:10 0.8197  0.9807  0.9501  0.1500  0.7760  0.8214  0.8384  0.8707  0.8707  0.3000  0.8200  0.8726  0.0632  0.000359
epoch:11 0.8257  0.9827  0.9582  0.3000  0.7975  0.8276  0.8368  0.8717  0.8717  0.3000  0.8283  0.8736  0.0622  0.000359
epoch:12 0.8302  0.9835  0.9513  0.3000  0.7903  0.8324  0.8434  0.8778  0.8778  0.3000  0.8250  0.8799  0.0605  0.000119
epoch:13 0.8316  0.9835  0.9587  0.3000  0.7977  0.8335  0.8416  0.8769  0.8769  0.3000  0.8317  0.8787  0.0602  0.000119
epoch:14 0.8276  0.9838  0.9561  0.4000  0.7904  0.8299  0.8422  0.8758  0.8758  0.4000  0.8250  0.8777  0.0601  0.000119
epoch:15 0.8275  0.9824  0.9506  0.4000  0.7851  0.8299  0.8412  0.8750  0.8750  0.4000  0.8250  0.8769  0.0593  0.000039
epoch:16 0.8276  0.9834  0.9560  0.1500  0.7829  0.8297  0.8401  0.8737  0.8737  0.3000  0.8250  0.8757  0.0587  0.000039
epoch:17 0.8289  0.9816  0.9555  0.4000  0.7905  0.8308  0.8422  0.8735  0.8735  0.4000  0.8250  0.8753  0.0588  0.000039
epoch:18 0.8273  0.9846  0.9539  0.1500  0.7814  0.8297  0.8393  0.8750  0.8750  0.3000  0.8133  0.8773  0.0590  0.000013
epoch:19 0.8292  0.9830  0.9586  0.3000  0.7816  0.8320  0.8427  0.8766  0.8766  0.3000  0.8200  0.8787  0.0587  0.000013
epoch:20 0.8304  0.9833  0.9597  0.3000  0.7825  0.8330  0.8437  0.8777  0.8777  0.3000  0.8250  0.8798  0.0586  0.000013
epoch:21 0.8311  0.9844  0.9520  0.3000  0.7935  0.8333  0.8450  0.8786  0.8786  0.3000  0.8317  0.8804  0.0586  0.000004
epoch:22 0.8303  0.9847  0.9494  0.1500  0.7924  0.8325  0.8440  0.8777  0.8777  0.3000  0.8328  0.8798  0.0590  0.000004
epoch:23 0.8292  0.9839  0.9525  0.3000  0.7873  0.8316  0.8415  0.8753  0.8753  0.3000  0.8217  0.8774  0.0587  0.000004
epoch:24 0.8291  0.9821  0.9561  0.4000  0.7862  0.8310  0.8426  0.8754  0.8754  0.4000  0.8167  0.8775  0.0586  0.000001
epoch:25 0.8282  0.9829  0.9529  0.3000  0.7869  0.8306  0.8422  0.8762  0.8762  0.3000  0.8250  0.8782  0.0586  0.000001
epoch:26 0.8328  0.9824  0.9545  0.3000  0.7897  0.8351  0.8448  0.8801  0.8801  0.3000  0.8233  0.8821  0.0584  0.000001
epoch:27 0.8260  0.9831  0.9489  0.3000  0.7891  0.8282  0.8398  0.8741  0.8741  0.3000  0.8283  0.8760  0.0587  0.000000
epoch:28 0.8301  0.9819  0.9490  0.4000  0.7935  0.8321  0.8426  0.8773  0.8773  0.4000  0.8283  0.8790  0.0590  0.000000
epoch:29 0.8281  0.9829  0.9501  0.4000  0.7848  0.8305  0.8405  0.8742  0.8742  0.4000  0.8217  0.8762  0.0589  0.000000
epoch:30 0.8268  0.9813  0.9521  0.3000  0.7901  0.8289  0.8404  0.8726  0.8726  0.3000  0.8283  0.8744  0.0587  0.000000
epoch:31 0.8277  0.9837  0.9562  0.3000  0.7942  0.8297  0.8409  0.8759  0.8759  0.3000  0.8250  0.8778  0.0585  0.000000
epoch:32 0.8269  0.9813  0.9475  0.3000  0.7825  0.8291  0.8415  0.8743  0.8743  0.3000  0.8217  0.8764  0.0582  0.000000
epoch:33 0.8303  0.9826  0.9551  0.3000  0.7888  0.8326  0.8431  0.8771  0.8771  0.3000  0.8233  0.8791  0.0586  0.000000
epoch:34 0.8288  0.9827  0.9568  0.3000  0.7927  0.8304  0.8398  0.8748  0.8748  0.3000  0.8267  0.8765  0.0583  0.000000
epoch:35 0.8310  0.9840  0.9586  0.3000  0.7895  0.8334  0.8430  0.8761  0.8761  0.3000  0.8217  0.8782  0.0587  0.000000
epoch:36 0.8283  0.9824  0.9560  0.3000  0.7885  0.8306  0.8412  0.8755  0.8755  0.3000  0.8183  0.8776  0.0586  0.000000
epoch:37 0.8313  0.9834  0.9573  0.3000  0.7822  0.8334  0.8440  0.8771  0.8771  0.3000  0.8233  0.8790  0.0590  0.000000
epoch:38 0.8268  0.9809  0.9469  0.3000  0.7731  0.8294  0.8382  0.8726  0.8726  0.3000  0.8100  0.8749  0.0585  0.000000
epoch:39 0.8265  0.9827  0.9489  0.3000  0.7857  0.8280  0.8411  0.8745  0.8745  0.3000  0.8250  0.8765  0.0585  0.000000
epoch:40 0.8306  0.9850  0.9575  0.3000  0.7900  0.8327  0.8431  0.8772  0.8772  0.3000  0.8250  0.8792  0.0585  0.000000
epoch:41 0.8291  0.9816  0.9581  0.3000  0.7918  0.8309  0.8437  0.8770  0.8770  0.3000  0.8317  0.8788  0.0588  0.000000
epoch:42 0.8268  0.9824  0.9544  0.4000  0.7837  0.8287  0.8404  0.8741  0.8741  0.4000  0.8250  0.8760  0.0589  0.000000
epoch:43 0.8235  0.9817  0.9496  0.3000  0.8027  0.8251  0.8371  0.8701  0.8701  0.3000  0.8278  0.8720  0.0585  0.000000
epoch:44 0.8279  0.9810  0.9550  0.3000  0.7754  0.8302  0.8397  0.8745  0.8745  0.3000  0.8167  0.8767  0.0593  0.000000
epoch:45 0.8306  0.9836  0.9556  0.3000  0.7871  0.8330  0.8425  0.8770  0.8770  0.3000  0.8283  0.8789  0.0584  0.000000
epoch:46 0.8255  0.9824  0.9519  0.3000  0.7885  0.8276  0.8387  0.8722  0.8722  0.3000  0.8250  0.8743  0.0589  0.000000
epoch:47 0.8300  0.9802  0.9559  0.4000  0.7948  0.8317  0.8422  0.8750  0.8750  0.4000  0.8350  0.8765  0.0586  0.000000
epoch:48 0.8269  0.9828  0.9497  0.4000  0.7821  0.8293  0.8391  0.8732  0.8732  0.4000  0.8167  0.8752  0.0587  0.000000
epoch:49 0.8254  0.9816  0.9541  0.4000  0.7939  0.8271  0.8411  0.8729  0.8729  0.4000  0.8283  0.8745  0.0584  0.000000
epoch:50 0.8325  0.9851  0.9572  0.2000  0.7898  0.8350  0.8432  0.8775  0.8775  0.2000  0.8217  0.8798  0.0589  0.000000
epoch:51 0.8333  0.9824  0.9537  0.3000  0.7915  0.8353  0.8449  0.8792  0.8792  0.3000  0.8317  0.8811  0.0585  0.000000
epoch:52 0.8296  0.9835  0.9542  0.3000  0.7941  0.8319  0.8424  0.8772  0.8772  0.3000  0.8283  0.8791  0.0585  0.000000
epoch:53 0.8260  0.9825  0.9540  0.3000  0.7801  0.8286  0.8403  0.8735  0.8735  0.3000  0.8183  0.8758  0.0584  0.000000
epoch:54 0.8264  0.9823  0.9518  0.3000  0.7892  0.8292  0.8425  0.8764  0.8764  0.3000  0.8250  0.8784  0.0585  0.000000
epoch:55 0.8267  0.9836  0.9487  0.4000  0.7899  0.8286  0.8420  0.8745  0.8745  0.4000  0.8283  0.8762  0.0591  0.000000
epoch:56 0.8249  0.9815  0.9509  0.4000  0.7967  0.8268  0.8421  0.8747  0.8747  0.4000  0.8317  0.8763  0.0587  0.000000
epoch:57 0.8288  0.9826  0.9511  0.3000  0.7832  0.8314  0.8422  0.8755  0.8755  0.3000  0.8183  0.8777  0.0587  0.000000
epoch:58 0.8296  0.9821  0.9504  0.3000  0.7762  0.8324  0.8409  0.8772  0.8772  0.3000  0.8056  0.8795  0.0587  0.000000
epoch:59 0.8308  0.9826  0.9563  0.3000  0.7902  0.8331  0.8449  0.8780  0.8780  0.3000  0.8250  0.8801  0.0584  0.000000
epoch:60 0.8262  0.9822  0.9536  0.3000  0.7840  0.8282  0.8409  0.8737  0.8737  0.3000  0.8133  0.8758  0.0584  0.000000
epoch:61 0.8309  0.9838  0.9533  0.3000  0.7821  0.8334  0.8426  0.8774  0.8774  0.3000  0.8183  0.8798  0.0585  0.000000
epoch:62 0.8259  0.9828  0.9502  0.4000  0.7947  0.8277  0.8396  0.8725  0.8725  0.4000  0.8283  0.8742  0.0584  0.000000
epoch:63 0.8314  0.9834  0.9529  0.3000  0.7907  0.8334  0.8449  0.8780  0.8780  0.3000  0.8283  0.8800  0.0586  0.000000
epoch:64 0.8296  0.9843  0.9494  0.3000  0.7964  0.8317  0.8430  0.8774  0.8774  0.3000  0.8317  0.8792  0.0585  0.000000
epoch:65 0.8312  0.9840  0.9600  0.3000  0.7893  0.8335  0.8435  0.8768  0.8768  0.3000  0.8250  0.8789  0.0585  0.000000
epoch:66 0.8282  0.9829  0.9504  0.3000  0.7915  0.8301  0.8424  0.8765  0.8765  0.3000  0.8317  0.8783  0.0584  0.000000
epoch:67 0.8275  0.9821  0.9589  0.4000  0.7944  0.8296  0.8418  0.8745  0.8745  0.4000  0.8328  0.8764  0.0584  0.000000
epoch:68 0.8292  0.9831  0.9507  0.3000  0.7849  0.8317  0.8407  0.8759  0.8759  0.3000  0.8217  0.8781  0.0582  0.000000
epoch:69 0.8271  0.9810  0.9518  0.4000  0.7807  0.8292  0.8405  0.8725  0.8725  0.4000  0.8250  0.8743  0.0583  0.000000
epoch:70 0.8278  0.9827  0.9570  0.3000  0.7826  0.8301  0.8420  0.8755  0.8755  0.3000  0.8217  0.8776  0.0585  0.000000
epoch:71 0.8267  0.9820  0.9512  0.4000  0.7862  0.8288  0.8424  0.8748  0.8748  0.4000  0.8250  0.8766  0.0585  0.000000
epoch:72 0.8308  0.9836  0.9570  0.3000  0.7810  0.8334  0.8437  0.8778  0.8778  0.3000  0.8106  0.8801  0.0587  0.000000
epoch:73 0.8252  0.9808  0.9505  0.4000  0.7875  0.8269  0.8405  0.8725  0.8725  0.4000  0.8283  0.8741  0.0588  0.000000
epoch:74 0.8328  0.9828  0.9578  0.3000  0.7808  0.8351  0.8450  0.8795  0.8795  0.3000  0.8167  0.8817  0.0585  0.000000
epoch:75 0.8299  0.9842  0.9498  0.3000  0.7856  0.8322  0.8433  0.8776  0.8776  0.3000  0.8250  0.8797  0.0585  0.000000
epoch:76 0.8290  0.9848  0.9595  0.3000  0.7870  0.8315  0.8403  0.8745  0.8745  0.3000  0.8250  0.8765  0.0586  0.000000
epoch:77 0.8255  0.9823  0.9531  0.3000  0.7900  0.8277  0.8410  0.8754  0.8754  0.3000  0.8283  0.8773  0.0587  0.000000
epoch:78 0.8245  0.9820  0.9469  0.3000  0.7846  0.8269  0.8392  0.8728  0.8728  0.3000  0.8217  0.8749  0.0590  0.000000
epoch:79 0.8316  0.9841  0.9565  0.1500  0.7882  0.8340  0.8447  0.8784  0.8784  0.3000  0.8233  0.8804  0.0586  0.000000
epoch:80 0.8261  0.9819  0.9523  0.1500  0.7876  0.8282  0.8397  0.8737  0.8737  0.3000  0.8200  0.8757  0.0583  0.000000
epoch:81 0.8290  0.9824  0.9547  0.3000  0.7899  0.8309  0.8417  0.8749  0.8749  0.3000  0.8250  0.8770  0.0584  0.000000
epoch:82 0.8287  0.9816  0.9502  0.3000  0.7840  0.8307  0.8430  0.8759  0.8759  0.3000  0.8283  0.8777  0.0593  0.000000
epoch:83 0.8303  0.9827  0.9618  0.3000  0.7953  0.8325  0.8442  0.8773  0.8773  0.3000  0.8250  0.8793  0.0586  0.000000
epoch:84 0.8268  0.9832  0.9502  0.4000  0.7818  0.8292  0.8418  0.8748  0.8748  0.4000  0.8217  0.8768  0.0588  0.000000
epoch:85 0.8304  0.9834  0.9487  0.3000  0.7846  0.8325  0.8417  0.8768  0.8768  0.3000  0.8283  0.8787  0.0582  0.000000
epoch:86 0.8322  0.9845  0.9565  0.3000  0.7812  0.8345  0.8454  0.8796  0.8796  0.3000  0.8167  0.8818  0.0588  0.000000
epoch:87 0.8280  0.9822  0.9534  0.3000  0.7884  0.8303  0.8414  0.8757  0.8757  0.3000  0.8283  0.8776  0.0587  0.000000
epoch:88 0.8255  0.9819  0.9505  0.4000  0.7745  0.8277  0.8386  0.8735  0.8735  0.4000  0.8167  0.8754  0.0585  0.000000
epoch:89 0.8287  0.9836  0.9571  0.3000  0.7975  0.8306  0.8422  0.8751  0.8751  0.3000  0.8350  0.8768  0.0583  0.000000
epoch:90 0.8283  0.9843  0.9536  0.4000  0.7996  0.8299  0.8417  0.8761  0.8761  0.4000  0.8383  0.8774  0.0585  0.000000
epoch:91 0.8286  0.9837  0.9615  0.3000  0.7916  0.8309  0.8444  0.8785  0.8785  0.3000  0.8250  0.8806  0.0583  0.000000
epoch:92 0.8281  0.9824  0.9551  0.4000  0.7876  0.8301  0.8428  0.8766  0.8766  0.4000  0.8167  0.8785  0.0584  0.000000
epoch:93 0.8315  0.9837  0.9538  0.3000  0.7910  0.8338  0.8441  0.8777  0.8777  0.3000  0.8250  0.8798  0.0586  0.000000
epoch:94 0.8327  0.9846  0.9606  0.3000  0.7905  0.8349  0.8452  0.8787  0.8787  0.3000  0.8283  0.8807  0.0584  0.000000
epoch:95 0.8285  0.9838  0.9537  0.1000  0.7908  0.8307  0.8413  0.8754  0.8754  0.2000  0.8200  0.8775  0.0587  0.000000
epoch:96 0.8316  0.9809  0.9558  0.3000  0.7935  0.8337  0.8454  0.8783  0.8783  0.3000  0.8317  0.8801  0.0585  0.000000
epoch:97 0.8299  0.9799  0.9531  0.3000  0.7859  0.8317  0.8427  0.8757  0.8757  0.3000  0.8317  0.8774  0.0584  0.000000
epoch:98 0.8278  0.9821  0.9575  0.3000  0.7806  0.8301  0.8421  0.8745  0.8745  0.3000  0.8100  0.8768  0.0586  0.000000
epoch:99 0.8284  0.9829  0.9503  0.4000  0.7958  0.8304  0.8406  0.8737  0.8737  0.4000  0.8317  0.8754  0.0584  0.000000
epoch:100 0.8297  0.9834  0.9496  0.3000  0.7850  0.8317  0.8418  0.8761  0.8761  0.3000  0.8183  0.8784  0.0585  0.000000
epoch:101 0.8266  0.9828  0.9555  0.3000  0.7883  0.8290  0.8411  0.8756  0.8756  0.3000  0.8250  0.8776  0.0583  0.000000
epoch:102 0.8329  0.9812  0.9603  0.3000  0.7984  0.8349  0.8453  0.8796  0.8796  0.3000  0.8317  0.8814  0.0585  0.000000
epoch:103 0.8211  0.9820  0.9493  0.3000  0.7873  0.8235  0.8374  0.8696  0.8696  0.3000  0.8283  0.8713  0.0586  0.000000
epoch:104 0.8282  0.9834  0.9577  0.3000  0.7842  0.8304  0.8407  0.8763  0.8763  0.3000  0.8167  0.8784  0.0586  0.000000
epoch:105 0.8292  0.9819  0.9528  0.4000  0.7926  0.8314  0.8428  0.8751  0.8751  0.4000  0.8283  0.8769  0.0584  0.000000
epoch:106 0.8319  0.9817  0.9531  0.3000  0.7901  0.8339  0.8452  0.8794  0.8794  0.3000  0.8233  0.8814  0.0584  0.000000
epoch:107 0.8291  0.9833  0.9517  0.4000  0.7916  0.8313  0.8423  0.8764  0.8764  0.4000  0.8283  0.8781  0.0586  0.000000
