epoch:24 0.8037  0.9707  0.9402  0.0000  0.7445  0.8056  0.8208  0.8557  0.8557  0.0000  0.8078  0.8580  0.0579  0.000001
epoch:25 0.8091  0.9730  0.9441  0.0000  0.7495  0.8118  0.8270  0.8625  0.8625  0.0000  0.7839  0.8649  0.0580  0.000001
epoch:26 0.8071  0.9708  0.9372  0.0000  0.7647  0.8095  0.8244  0.8598  0.8598  0.0000  0.8067  0.8619  0.0595  0.000001
epoch:27 0.8151  0.9728  0.9497  0.0000  0.7549  0.8175  0.8314  0.8671  0.8671  0.0000  0.7839  0.8697  0.0581  0.000000
epoch:28 0.8051  0.9721  0.9359  0.0000  0.7487  0.8075  0.8221  0.8589  0.8589  0.0000  0.8083  0.8612  0.0583  0.000000
epoch:29 0.8099  0.9730  0.9381  0.0000  0.7493  0.8125  0.8279  0.8615  0.8615  0.0000  0.8083  0.8637  0.0580  0.000000
epoch:30 0.8062  0.9721  0.9392  0.0000  0.7716  0.8081  0.8220  0.8595  0.8595  0.0000  0.8039  0.8616  0.0580  0.000000
epoch:31 0.8026  0.9723  0.9341  0.0000  0.7676  0.8050  0.8212  0.8557  0.8557  0.0000  0.8033  0.8578  0.0581  0.000000
epoch:32 0.8095  0.9698  0.9399  0.0000  0.7545  0.8125  0.8267  0.8613  0.8613  0.0000  0.7839  0.8637  0.0583  0.000000
epoch:33 0.8128  0.9749  0.9437  0.0000  0.7510  0.8154  0.8250  0.8632  0.8632  0.0000  0.7906  0.8656  0.0580  0.000000
