epoch:34 0.8146  0.9747  0.9433  0.0000  0.7523  0.8172  0.8286  0.8629  0.8629  0.0000  0.7872  0.8652  0.0580  0.000000
epoch:35 0.8119  0.9748  0.9478  0.0000  0.7553  0.8147  0.8290  0.8638  0.8638  0.0000  0.7839  0.8663  0.0584  0.000000
epoch:36 0.8063  0.9727  0.9408  0.0000  0.7697  0.8091  0.8224  0.8593  0.8593  0.0000  0.7950  0.8616  0.0583  0.000000
epoch:37 0.8123  0.9714  0.9381  0.0000  0.7645  0.8149  0.8286  0.8628  0.8628  0.0000  0.7906  0.8650  0.0580  0.000000
epoch:38 0.8086  0.9725  0.9354  0.0000  0.7312  0.8114  0.8243  0.8617  0.8617  0.0000  0.7950  0.8641  0.0579  0.000000
epoch:39 0.8114  0.9746  0.9459  0.0000  0.7645  0.8137  0.8238  0.8617  0.8617  0.0000  0.7956  0.8639  0.0583  0.000000
epoch:40 0.8062  0.9691  0.9423  0.0000  0.7442  0.8089  0.8206  0.8568  0.8568  0.0000  0.7839  0.8591  0.0580  0.000000
epoch:41 0.8115  0.9737  0.9400  0.0000  0.7616  0.8134  0.8282  0.8627  0.8627  0.0000  0.7922  0.8651  0.0579  0.000000
epoch:42 0.8132  0.9744  0.9478  0.0000  0.7586  0.8158  0.8291  0.8637  0.8637  0.0000  0.7917  0.8662  0.0581  0.000000
epoch:43 0.8129  0.9731  0.9418  0.0000  0.7261  0.8162  0.8294  0.8640  0.8640  0.0000  0.7872  0.8663  0.0583  0.000000
epoch:44 0.8121  0.9732  0.9395  0.0000  0.7654  0.8146  0.8286  0.8633  0.8633  0.0000  0.7922  0.8657  0.0582  0.000000
epoch:45 0.8121  0.9730  0.9405  0.0000  0.7515  0.8151  0.8266  0.8611  0.8611  0.0000  0.7806  0.8636  0.0582  0.000000
epoch:46 0.8094  0.9746  0.9425  0.0000  0.7591  0.8114  0.8260  0.8597  0.8597  0.0000  0.7906  0.8619  0.0583  0.000000
epoch:47 0.8091  0.9704  0.9403  0.0000  0.7651  0.8116  0.8288  0.8614  0.8614  0.0000  0.7956  0.8637  0.0582  0.000000
epoch:48 0.8079  0.9721  0.9399  0.0000  0.7771  0.8096  0.8239  0.8588  0.8588  0.0000  0.8033  0.8610  0.0582  0.000000
epoch:49 0.8125  0.9729  0.9403  0.0000  0.7429  0.8154  0.8274  0.8632  0.8632  0.0000  0.7839  0.8656  0.0580  0.000000
epoch:50 0.8129  0.9736  0.9473  0.0000  0.7257  0.8158  0.8289  0.8638  0.8638  0.0000  0.7806  0.8663  0.0582  0.000000
epoch:51 0.8125  0.9744  0.9415  0.0000  0.7508  0.8153  0.8293  0.8619  0.8619  0.0000  0.7956  0.8641  0.0583  0.000000
epoch:52 0.8110  0.9748  0.9414  0.0000  0.7177  0.8145  0.8257  0.8610  0.8610  0.0000  0.7872  0.8633  0.0583  0.000000
epoch:53 0.8062  0.9711  0.9360  0.0000  0.7660  0.8086  0.8218  0.8569  0.8569  0.0000  0.8150  0.8589  0.0579  0.000000
epoch:54 0.8139  0.9714  0.9460  0.0000  0.7534  0.8164  0.8298  0.8638  0.8638  0.0000  0.8006  0.8661  0.0582  0.000000
epoch:55 0.8088  0.9717  0.9403  0.0000  0.7717  0.8112  0.8238  0.8595  0.8595  0.0000  0.7972  0.8618  0.0581  0.000000
epoch:56 0.8104  0.9731  0.9416  0.0000  0.7743  0.8126  0.8265  0.8598  0.8598  0.0000  0.8083  0.8620  0.0580  0.000000
epoch:57 0.8064  0.9708  0.9403  0.0000  0.7429  0.8089  0.8220  0.8584  0.8584  0.0000  0.7806  0.8609  0.0580  0.000000
epoch:58 0.8099  0.9746  0.9405  0.0000  0.7550  0.8125  0.8268  0.8610  0.8610  0.0000  0.7917  0.8634  0.0581  0.000000
epoch:59 0.8138  0.9740  0.9462  0.0000  0.7571  0.8159  0.8297  0.8659  0.8659  0.0000  0.7872  0.8683  0.0579  0.000000
epoch:60 0.8108  0.9720  0.9421  0.0000  0.7614  0.8126  0.8251  0.8614  0.8614  0.0000  0.7872  0.8638  0.0584  0.000000
epoch:61 0.8114  0.9721  0.9480  0.0000  0.7689  0.8134  0.8281  0.8634  0.8634  0.0000  0.7983  0.8656  0.0583  0.000000
epoch:62 0.8069  0.9728  0.9394  0.0000  0.7612  0.8090  0.8248  0.8590  0.8590  0.0000  0.8039  0.8611  0.0579  0.000000
epoch:63 0.8058  0.9728  0.9374  0.0000  0.7572  0.8089  0.8204  0.8580  0.8580  0.0000  0.7839  0.8603  0.0579  0.000000
epoch:64 0.8169  0.9736  0.9416  0.0000  0.7322  0.8197  0.8316  0.8652  0.8652  0.0000  0.7872  0.8676  0.0582  0.000000
epoch:65 0.8119  0.9726  0.9426  0.0000  0.7801  0.8142  0.8280  0.8628  0.8628  0.0000  0.8056  0.8650  0.0579  0.000000
epoch:66 0.8079  0.9741  0.9366  0.0000  0.7525  0.8107  0.8229  0.8582  0.8582  0.0000  0.7806  0.8606  0.0581  0.000000
epoch:67 0.8093  0.9720  0.9396  0.0000  0.7495  0.8122  0.8259  0.8610  0.8610  0.0000  0.8000  0.8633  0.0582  0.000000
epoch:68 0.8132  0.9732  0.9449  0.0000  0.7618  0.8159  0.8265  0.8635  0.8635  0.0000  0.7956  0.8657  0.0582  0.000000
epoch:69 0.8109  0.9729  0.9430  0.0000  0.7340  0.8136  0.8264  0.8638  0.8638  0.0000  0.7972  0.8662  0.0583  0.000000
epoch:70 0.8091  0.9720  0.9420  0.0000  0.7508  0.8122  0.8276  0.8614  0.8614  0.0000  0.7806  0.8640  0.0579  0.000000
epoch:71 0.8125  0.9742  0.9453  0.0000  0.7572  0.8152  0.8273  0.8625  0.8625  0.0000  0.7989  0.8646  0.0578  0.000000
epoch:72 0.8086  0.9743  0.9453  0.0000  0.7633  0.8110  0.8264  0.8610  0.8610  0.0000  0.7922  0.8633  0.0581  0.000000
epoch:73 0.8177  0.9744  0.9439  0.0000  0.7406  0.8203  0.8344  0.8668  0.8668  0.0000  0.7950  0.8693  0.0581  0.000000
epoch:74 0.8152  0.9731  0.9448  0.0000  0.7535  0.8172  0.8309  0.8659  0.8659  0.0000  0.7956  0.8682  0.0582  0.000000
epoch:75 0.8095  0.9741  0.9392  0.0000  0.7399  0.8131  0.8269  0.8616  0.8616  0.0000  0.7839  0.8640  0.0581  0.000000
epoch:76 0.8106  0.9736  0.9389  0.0000  0.7642  0.8127  0.8259  0.8635  0.8635  0.0000  0.7956  0.8657  0.0581  0.000000
epoch:77 0.8126  0.9743  0.9464  0.0000  0.7614  0.8153  0.8277  0.8629  0.8629  0.0000  0.7939  0.8654  0.0579  0.000000
epoch:78 0.8111  0.9741  0.9475  0.0000  0.7377  0.8143  0.8286  0.8629  0.8629  0.0000  0.7806  0.8655  0.0582  0.000000
epoch:79 0.8137  0.9728  0.9441  0.0000  0.7579  0.8156  0.8286  0.8623  0.8623  0.0000  0.7839  0.8647  0.0580  0.000000
epoch:80 0.8109  0.9724  0.9416  0.0000  0.7683  0.8137  0.8260  0.8618  0.8618  0.0000  0.7917  0.8643  0.0580  0.000000
epoch:81 0.8135  0.9745  0.9452  0.0000  0.7761  0.8154  0.8303  0.8644  0.8644  0.0000  0.8100  0.8664  0.0582  0.000000
epoch:82 0.8105  0.9726  0.9417  0.0000  0.7628  0.8130  0.8246  0.8609  0.8609  0.0000  0.7922  0.8632  0.0579  0.000000
epoch:83 0.8158  0.9738  0.9499  0.0000  0.7431  0.8189  0.8335  0.8662  0.8662  0.0000  0.7956  0.8685  0.0581  0.000000
epoch:84 0.8003  0.9684  0.9346  0.0000  0.7507  0.8031  0.8183  0.8562  0.8562  0.0000  0.7950  0.8585  0.0579  0.000000
epoch:85 0.8118  0.9738  0.9464  0.0000  0.7568  0.8139  0.8256  0.8620  0.8620  0.0000  0.7889  0.8645  0.0582  0.000000
epoch:86 0.8128  0.9726  0.9438  0.0000  0.7568  0.8154  0.8257  0.8635  0.8635  0.0000  0.7922  0.8659  0.0581  0.000000
