epoch:157 0.8135  0.9743  0.9455  0.0000  0.7586  0.8157  0.8310  0.8653  0.8653  0.0000  0.7872  0.8677  0.0581  0.000000
epoch:158 0.8126  0.9727  0.9470  0.0000  0.7542  0.8154  0.8300  0.8634  0.8634  0.0000  0.7939  0.8659  0.0580  0.000000
epoch:159 0.8076  0.9707  0.9389  0.0000  0.7417  0.8101  0.8233  0.8608  0.8608  0.0000  0.7872  0.8632  0.0582  0.000000
epoch:160 0.8107  0.9734  0.9421  0.0000  0.7528  0.8136  0.8278  0.8606  0.8606  0.0000  0.7950  0.8630  0.0583  0.000000
epoch:161 0.8148  0.9740  0.9386  0.0000  0.7803  0.8168  0.8298  0.8655  0.8655  0.0000  0.8067  0.8677  0.0580  0.000000
epoch:162 0.8122  0.9744  0.9447  0.0000  0.7450  0.8152  0.8269  0.8617  0.8617  0.0000  0.7839  0.8642  0.0579  0.000000
epoch:163 0.8139  0.9738  0.9438  0.0000  0.7678  0.8163  0.8310  0.8651  0.8651  0.0000  0.7956  0.8674  0.0580  0.000000
epoch:164 0.8132  0.9716  0.9360  0.0000  0.7334  0.8166  0.8299  0.8631  0.8631  0.0000  0.7917  0.8656  0.0583  0.000000
epoch:165 0.8102  0.9739  0.9389  0.0000  0.7436  0.8130  0.8260  0.8614  0.8614  0.0000  0.7839  0.8638  0.0581  0.000000
epoch:166 0.8093  0.9726  0.9344  0.0000  0.7660  0.8116  0.8237  0.8595  0.8595  0.0000  0.7956  0.8617  0.0584  0.000000
epoch:167 0.8114  0.9744  0.9413  0.0000  0.7613  0.8142  0.8259  0.8624  0.8624  0.0000  0.7889  0.8648  0.0582  0.000000
epoch:168 0.8091  0.9718  0.9422  0.0000  0.7494  0.8113  0.8236  0.8597  0.8597  0.0000  0.7906  0.8619  0.0583  0.000000
epoch:169 0.8103  0.9733  0.9432  0.0000  0.7561  0.8131  0.8278  0.8614  0.8614  0.0000  0.7839  0.8638  0.0581  0.000000
epoch:170 0.8099  0.9725  0.9381  0.0000  0.7423  0.8126  0.8274  0.8632  0.8632  0.0000  0.7989  0.8653  0.0582  0.000000
epoch:171 0.8168  0.9726  0.9426  0.0000  0.7715  0.8190  0.8314  0.8671  0.8671  0.0000  0.8006  0.8694  0.0582  0.000000
epoch:172 0.8115  0.9737  0.9488  0.0000  0.7405  0.8145  0.8282  0.8639  0.8639  0.0000  0.7939  0.8661  0.0580  0.000000
epoch:173 0.8101  0.9729  0.9314  0.0000  0.7495  0.8130  0.8260  0.8620  0.8620  0.0000  0.7917  0.8644  0.0581  0.000000
epoch:174 0.8135  0.9741  0.9434  0.0000  0.7478  0.8163  0.8289  0.8647  0.8647  0.0000  0.7839  0.8672  0.0582  0.000000
epoch:175 0.8137  0.9747  0.9414  0.0000  0.7653  0.8165  0.8300  0.8638  0.8638  0.0000  0.8000  0.8662  0.0578  0.000000
epoch:176 0.8124  0.9725  0.9437  0.0000  0.7553  0.8151  0.8276  0.8629  0.8629  0.0000  0.7972  0.8653  0.0583  0.000000
epoch:177 0.8109  0.9716  0.9423  0.0000  0.7423  0.8136  0.8282  0.8626  0.8626  0.0000  0.7839  0.8650  0.0580  0.000000
epoch:178 0.8068  0.9711  0.9417  0.0000  0.7389  0.8097  0.8244  0.8593  0.8593  0.0000  0.7856  0.8618  0.0583  0.000000
epoch:179 0.8104  0.9717  0.9374  0.0000  0.7386  0.8129  0.8245  0.8617  0.8617  0.0000  0.8006  0.8639  0.0581  0.000000
