epoch:180 0.8175  0.9742  0.9469  0.0000  0.7660  0.8203  0.8330  0.8675  0.8675  0.0000  0.7950  0.8700  0.0577  0.000000
epoch:181 0.8055  0.9716  0.9431  0.0000  0.7267  0.8084  0.8220  0.8573  0.8573  0.0000  0.7839  0.8597  0.0580  0.000000
epoch:182 0.8127  0.9703  0.9403  0.0000  0.7730  0.8148  0.8289  0.8635  0.8635  0.0000  0.8072  0.8655  0.0582  0.000000
epoch:183 0.8112  0.9738  0.9461  0.0000  0.7608  0.8140  0.8286  0.8627  0.8627  0.0000  0.7839  0.8652  0.0581  0.000000
epoch:184 0.8112  0.9733  0.9433  0.0000  0.7393  0.8145  0.8272  0.8604  0.8604  0.0000  0.7989  0.8624  0.0582  0.000000
epoch:185 0.8107  0.9736  0.9412  0.0000  0.7544  0.8130  0.8257  0.8610  0.8610  0.0000  0.8000  0.8634  0.0582  0.000000
epoch:186 0.8135  0.9724  0.9442  0.0000  0.7662  0.8159  0.8289  0.8643  0.8643  0.0000  0.7972  0.8666  0.0580  0.000000
epoch:187 0.8109  0.9741  0.9411  0.0000  0.7378  0.8134  0.8264  0.8616  0.8616  0.0000  0.7839  0.8640  0.0582  0.000000
epoch:188 0.8078  0.9728  0.9380  0.0000  0.7235  0.8111  0.8241  0.8595  0.8595  0.0000  0.7872  0.8617  0.0582  0.000000
epoch:189 0.8118  0.9724  0.9430  0.0000  0.7618  0.8143  0.8267  0.8630  0.8630  0.0000  0.7922  0.8654  0.0580  0.000000
epoch:190 0.8078  0.9741  0.9410  0.0000  0.7590  0.8106  0.8250  0.8605  0.8605  0.0000  0.7872  0.8629  0.0578  0.000000
epoch:191 0.8091  0.9738  0.9421  0.0000  0.7640  0.8121  0.8255  0.8613  0.8613  0.0000  0.8000  0.8637  0.0584  0.000000
epoch:192 0.8108  0.9732  0.9461  0.0000  0.7413  0.8140  0.8253  0.8632  0.8632  0.0000  0.7839  0.8657  0.0581  0.000000
epoch:193 0.8119  0.9728  0.9446  0.0000  0.7552  0.8146  0.8264  0.8632  0.8632  0.0000  0.7956  0.8655  0.0582  0.000000
