epoch:89 0.8093  0.9729  0.9444  0.0000  0.7395  0.8121  0.8245  0.8624  0.8624  0.0000  0.7839  0.8648  0.0583  0.000000
epoch:90 0.8064  0.9708  0.9366  0.0000  0.7435  0.8090  0.8228  0.8577  0.8577  0.0000  0.7839  0.8601  0.0581  0.000000
epoch:91 0.8110  0.9737  0.9377  0.0000  0.7574  0.8135  0.8245  0.8612  0.8612  0.0000  0.8167  0.8633  0.0583  0.000000
epoch:92 0.8111  0.9746  0.9399  0.0000  0.7471  0.8143  0.8272  0.8614  0.8614  0.0000  0.7806  0.8640  0.0582  0.000000
epoch:93 0.8114  0.9748  0.9473  0.0000  0.7544  0.8138  0.8262  0.8631  0.8631  0.0000  0.7872  0.8654  0.0581  0.000000
epoch:94 0.8129  0.9734  0.9412  0.0000  0.7491  0.8155  0.8293  0.8636  0.8636  0.0000  0.8033  0.8658  0.0579  0.000000
epoch:95 0.8091  0.9729  0.9471  0.0000  0.7725  0.8111  0.8266  0.8598  0.8598  0.0000  0.7983  0.8620  0.0579  0.000000
epoch:96 0.8151  0.9735  0.9477  0.0000  0.7641  0.8173  0.8279  0.8641  0.8641  0.0000  0.7889  0.8666  0.0579  0.000000
epoch:97 0.8079  0.9739  0.9326  0.0000  0.7600  0.8104  0.8254  0.8607  0.8607  0.0000  0.7872  0.8630  0.0583  0.000000
epoch:98 0.8120  0.9723  0.9367  0.0000  0.7346  0.8148  0.8294  0.8628  0.8628  0.0000  0.7983  0.8650  0.0581  0.000000
epoch:99 0.8127  0.9737  0.9409  0.0000  0.7520  0.8153  0.8262  0.8619  0.8619  0.0000  0.7889  0.8643  0.0582  0.000000
epoch:100 0.8115  0.9743  0.9400  0.0000  0.7552  0.8135  0.8274  0.8635  0.8635  0.0000  0.7956  0.8657  0.0581  0.000000
epoch:101 0.8070  0.9716  0.9396  0.0000  0.7528  0.8092  0.8235  0.8593  0.8593  0.0000  0.7906  0.8615  0.0579  0.000000
epoch:102 0.8101  0.9722  0.9376  0.0000  0.7151  0.8131  0.8265  0.8641  0.8641  0.0000  0.7839  0.8665  0.0582  0.000000
epoch:103 0.8085  0.9730  0.9432  0.0000  0.7618  0.8107  0.8234  0.8587  0.8587  0.0000  0.7889  0.8611  0.0583  0.000000
epoch:104 0.8139  0.9743  0.9429  0.0000  0.7600  0.8164  0.8285  0.8634  0.8634  0.0000  0.7956  0.8657  0.0580  0.000000
epoch:105 0.8118  0.9739  0.9470  0.0000  0.7626  0.8141  0.8291  0.8631  0.8631  0.0000  0.7956  0.8652  0.0582  0.000000
epoch:106 0.8135  0.9731  0.9436  0.0000  0.7534  0.8160  0.8310  0.8664  0.8664  0.0000  0.7989  0.8686  0.0582  0.000000
epoch:107 0.8110  0.9737  0.9375  0.0000  0.7489  0.8138  0.8290  0.8634  0.8634  0.0000  0.7839  0.8658  0.0581  0.000000
epoch:108 0.8127  0.9729  0.9431  0.0000  0.7464  0.8154  0.8268  0.8635  0.8635  0.0000  0.8006  0.8658  0.0581  0.000000
epoch:109 0.8145  0.9736  0.9419  0.0000  0.7520  0.8178  0.8309  0.8652  0.8652  0.0000  0.7839  0.8677  0.0580  0.000000
epoch:110 0.8087  0.9723  0.9412  0.0000  0.7458  0.8118  0.8274  0.8621  0.8621  0.0000  0.8061  0.8644  0.0583  0.000000
epoch:111 0.8119  0.9741  0.9397  0.0000  0.7493  0.8149  0.8290  0.8628  0.8628  0.0000  0.7950  0.8651  0.0583  0.000000
epoch:112 0.8098  0.9726  0.9446  0.0000  0.7715  0.8115  0.8260  0.8617  0.8617  0.0000  0.8072  0.8637  0.0581  0.000000
epoch:113 0.8127  0.9724  0.9444  0.0000  0.7597  0.8153  0.8296  0.8649  0.8649  0.0000  0.8033  0.8672  0.0583  0.000000
epoch:114 0.8080  0.9722  0.9342  0.0000  0.7298  0.8112  0.8254  0.8602  0.8602  0.0000  0.8000  0.8626  0.0580  0.000000
epoch:115 0.8142  0.9748  0.9446  0.0000  0.7654  0.8162  0.8299  0.8641  0.8641  0.0000  0.7922  0.8664  0.0580  0.000000
epoch:116 0.8108  0.9701  0.9451  0.0000  0.7497  0.8133  0.8288  0.8617  0.8617  0.0000  0.8117  0.8637  0.0582  0.000000
epoch:117 0.8116  0.9722  0.9382  0.0000  0.7488  0.8139  0.8261  0.8623  0.8623  0.0000  0.7922  0.8647  0.0582  0.000000
epoch:118 0.8100  0.9719  0.9402  0.0000  0.7607  0.8123  0.8275  0.8626  0.8626  0.0000  0.7872  0.8650  0.0584  0.000000
epoch:119 0.8103  0.9735  0.9395  0.0000  0.7535  0.8131  0.8270  0.8614  0.8614  0.0000  0.7967  0.8639  0.0582  0.000000
epoch:120 0.8144  0.9752  0.9465  0.0000  0.7594  0.8168  0.8291  0.8646  0.8646  0.0000  0.8033  0.8669  0.0581  0.000000
epoch:121 0.8123  0.9741  0.9410  0.0000  0.7442  0.8151  0.8257  0.8616  0.8616  0.0000  0.7839  0.8640  0.0580  0.000000
epoch:122 0.8069  0.9715  0.9449  0.0000  0.7552  0.8099  0.8269  0.8604  0.8604  0.0000  0.7922  0.8626  0.0582  0.000000
epoch:123 0.8147  0.9733  0.9462  0.0000  0.7687  0.8169  0.8279  0.8630  0.8630  0.0000  0.8039  0.8651  0.0581  0.000000
epoch:124 0.8085  0.9750  0.9405  0.0000  0.7593  0.8108  0.8251  0.8609  0.8609  0.0000  0.7872  0.8632  0.0579  0.000000
epoch:125 0.8125  0.9740  0.9422  0.0000  0.7487  0.8153  0.8298  0.8638  0.8638  0.0000  0.7872  0.8662  0.0583  0.000000
epoch:126 0.8131  0.9733  0.9449  0.0000  0.7644  0.8159  0.8300  0.8648  0.8648  0.0000  0.7956  0.8670  0.0583  0.000000
epoch:127 0.8115  0.9714  0.9393  0.0000  0.7530  0.8135  0.8262  0.8609  0.8609  0.0000  0.7922  0.8632  0.0581  0.000000
epoch:128 0.8108  0.9730  0.9422  0.0000  0.7624  0.8134  0.8266  0.8629  0.8629  0.0000  0.7950  0.8653  0.0582  0.000000
epoch:129 0.8103  0.9724  0.9414  0.0000  0.7510  0.8133  0.8269  0.8614  0.8614  0.0000  0.8067  0.8635  0.0580  0.000000
epoch:130 0.8128  0.9734  0.9402  0.0000  0.7663  0.8152  0.8289  0.8644  0.8644  0.0000  0.7922  0.8668  0.0580  0.000000
epoch:131 0.8133  0.9747  0.9467  0.0000  0.7556  0.8155  0.8280  0.8638  0.8638  0.0000  0.7839  0.8663  0.0580  0.000000
epoch:132 0.8107  0.9719  0.9376  0.0000  0.7411  0.8138  0.8252  0.8615  0.8615  0.0000  0.7839  0.8639  0.0581  0.000000
epoch:133 0.8123  0.9729  0.9422  0.0000  0.7706  0.8149  0.8290  0.8635  0.8635  0.0000  0.8000  0.8658  0.0581  0.000000
epoch:134 0.8142  0.9730  0.9499  0.0000  0.7568  0.8170  0.8305  0.8651  0.8651  0.0000  0.7839  0.8676  0.0582  0.000000
epoch:135 0.8149  0.9744  0.9482  0.0000  0.7768  0.8169  0.8307  0.8650  0.8650  0.0000  0.8033  0.8673  0.0577  0.000000
epoch:136 0.8095  0.9731  0.9406  0.0000  0.7649  0.8119  0.8286  0.8620  0.8620  0.0000  0.7950  0.8643  0.0581  0.000000
epoch:137 0.8080  0.9730  0.9434  0.0000  0.7619  0.8101  0.8219  0.8585  0.8585  0.0000  0.7889  0.8609  0.0581  0.000000
epoch:138 0.8123  0.9703  0.9460  0.0000  0.7536  0.8147  0.8293  0.8641  0.8641  0.0000  0.7889  0.8667  0.0586  0.000000
epoch:139 0.8162  0.9748  0.9481  0.0000  0.7557  0.8186  0.8312  0.8661  0.8661  0.0000  0.7839  0.8687  0.0581  0.000000
epoch:140 0.8116  0.9739  0.9436  0.0000  0.7502  0.8145  0.8264  0.8617  0.8617  0.0000  0.7989  0.8638  0.0580  0.000000
epoch:141 0.8102  0.9744  0.9403  0.0000  0.7661  0.8123  0.8290  0.8635  0.8635  0.0000  0.7972  0.8660  0.0581  0.000000
epoch:142 0.8108  0.9717  0.9467  0.0000  0.7527  0.8134  0.8256  0.8620  0.8620  0.0000  0.7806  0.8645  0.0580  0.000000
epoch:143 0.8129  0.9708  0.9391  0.0000  0.7495  0.8150  0.8275  0.8623  0.8623  0.0000  0.8000  0.8647  0.0579  0.000000
epoch:144 0.8139  0.9745  0.9449  0.0000  0.7343  0.8167  0.8287  0.8637  0.8637  0.0000  0.7956  0.8659  0.0580  0.000000
epoch:145 0.8079  0.9731  0.9363  0.0000  0.7435  0.8109  0.8258  0.8610  0.8610  0.0000  0.7839  0.8634  0.0584  0.000000
epoch:146 0.8152  0.9746  0.9474  0.0000  0.7624  0.8178  0.8313  0.8665  0.8665  0.0000  0.7922  0.8689  0.0581  0.000000
epoch:147 0.8070  0.9709  0.9378  0.0000  0.7616  0.8092  0.8227  0.8583  0.8583  0.0000  0.7906  0.8609  0.0582  0.000000
epoch:148 0.8116  0.9733  0.9412  0.0000  0.7787  0.8134  0.8266  0.8623  0.8623  0.0000  0.8100  0.8644  0.0586  0.000000
epoch:149 0.8108  0.9701  0.9450  0.0000  0.7674  0.8131  0.8274  0.8620  0.8620  0.0000  0.8006  0.8643  0.0580  0.000000
epoch:150 0.8139  0.9734  0.9486  0.0000  0.7375  0.8170  0.8287  0.8633  0.8633  0.0000  0.7772  0.8660  0.0584  0.000000
epoch:151 0.8095  0.9730  0.9340  0.0000  0.7320  0.8122  0.8264  0.8627  0.8627  0.0000  0.7972  0.8650  0.0581  0.000000
epoch:152 0.8138  0.9737  0.9466  0.0000  0.7292  0.8173  0.8328  0.8652  0.8652  0.0000  0.7922  0.8675  0.0579  0.000000
epoch:153 0.8079  0.9733  0.9415  0.0000  0.7539  0.8101  0.8228  0.8597  0.8597  0.0000  0.7839  0.8621  0.0581  0.000000
epoch:154 0.8059  0.9721  0.9390  0.0000  0.7543  0.8087  0.8218  0.8574  0.8574  0.0000  0.7872  0.8596  0.0580  0.000000
epoch:155 0.8099  0.9732  0.9429  0.0000  0.7536  0.8126  0.8273  0.8616  0.8616  0.0000  0.7806  0.8642  0.0581  0.000000
epoch:156 0.8076  0.9728  0.9394  0.0000  0.7447  0.8100  0.8270  0.8596  0.8596  0.0000  0.7839  0.8620  0.0582  0.000000
