epoch:0 0.4660  0.7168  0.5281  0.1600  0.4468  0.4695  0.6034  0.6819  0.6828  0.8000  0.6356  0.6841  0.2755  0.010000
epoch:1 0.5612  0.8018  0.6606  0.2500  0.5256  0.5687  0.6759  0.7437  0.7437  0.5000  0.7367  0.7442  0.1894  0.010000
epoch:2 0.6214  0.8693  0.7626  0.1750  0.6166  0.6254  0.6963  0.7448  0.7448  0.7000  0.7267  0.7459  0.1680  0.010000
epoch:3 0.7438  0.9478  0.8760  0.1167  0.7166  0.7460  0.7851  0.8253  0.8253  0.7000  0.7694  0.8270  0.1206  0.003300
epoch:4 0.7496  0.9556  0.9031  0.7000  0.7131  0.7513  0.7885  0.8223  0.8223  0.7000  0.8017  0.8233  0.1076  0.003300
epoch:5 0.7685  0.9618  0.9030  0.0500  0.7341  0.7706  0.7971  0.8346  0.8346  0.8000  0.7933  0.8358  0.0997  0.003300
epoch:6 0.7872  0.9681  0.9301  0.0000  0.7511  0.7889  0.8097  0.8458  0.8458  0.0000  0.7778  0.8481  0.0826  0.001089
epoch:7 0.7970  0.9722  0.9329  0.0000  0.7406  0.7992  0.8155  0.8511  0.8511  0.0000  0.8039  0.8529  0.0771  0.001089
epoch:8 0.7954  0.9695  0.9291  0.0000  0.7315  0.7979  0.8145  0.8509  0.8509  0.0000  0.7922  0.8530  0.0729  0.001089
epoch:9 0.8071  0.9740  0.9398  0.0000  0.7651  0.8094  0.8241  0.8590  0.8590  0.0000  0.8117  0.8611  0.0662  0.000359
epoch:10 0.8055  0.9741  0.9421  0.0000  0.7593  0.8083  0.8216  0.8575  0.8575  0.0000  0.7906  0.8597  0.0644  0.000359
epoch:11 0.8035  0.9707  0.9366  0.0000  0.7317  0.8069  0.8204  0.8566  0.8566  0.0000  0.7922  0.8589  0.0633  0.000359
epoch:12 0.8061  0.9735  0.9450  0.0000  0.7623  0.8082  0.8244  0.8584  0.8584  0.0000  0.7906  0.8605  0.0608  0.000119
epoch:13 0.8055  0.9706  0.9362  0.0000  0.7356  0.8082  0.8231  0.8586  0.8586  0.0000  0.7806  0.8611  0.0602  0.000119
epoch:14 0.8118  0.9719  0.9404  0.0000  0.7254  0.8152  0.8295  0.8629  0.8629  0.0000  0.7839  0.8653  0.0595  0.000119
epoch:15 0.8097  0.9728  0.9384  0.0000  0.7455  0.8121  0.8282  0.8616  0.8616  0.0000  0.7872  0.8639  0.0590  0.000039
epoch:16 0.8086  0.9727  0.9347  0.0000  0.7669  0.8106  0.8261  0.8594  0.8594  0.0000  0.7950  0.8617  0.0590  0.000039
epoch:17 0.8120  0.9735  0.9412  0.0000  0.7619  0.8143  0.8277  0.8631  0.8631  0.0000  0.7872  0.8654  0.0583  0.000039
epoch:18 0.8060  0.9680  0.9379  0.0000  0.7613  0.8077  0.8189  0.8553  0.8553  0.0000  0.8150  0.8572  0.0588  0.000013
epoch:19 0.8146  0.9726  0.9400  0.0000  0.7575  0.8174  0.8307  0.8651  0.8651  0.0000  0.7956  0.8674  0.0578  0.000013
epoch:20 0.8091  0.9738  0.9370  0.0000  0.7456  0.8118  0.8251  0.8606  0.8606  0.0000  0.7950  0.8629  0.0581  0.000013
epoch:21 0.8078  0.9727  0.9369  0.0000  0.7575  0.8105  0.8250  0.8603  0.8603  0.0000  0.7956  0.8625  0.0585  0.000004
epoch:22 0.8102  0.9741  0.9400  0.0000  0.7440  0.8128  0.8260  0.8613  0.8613  0.0000  0.7889  0.8637  0.0583  0.000004
epoch:23 0.8088  0.9717  0.9375  0.0000  0.7533  0.8113  0.8224  0.8592  0.8592  0.0000  0.7839  0.8615  0.0585  0.000004
